{
  "image_dir": "camCalibration/data_20251229_handtoeye_new/images",
  "square_size_m": 0.02,
  "camera_matrix": [
    [
      385.260986328125,
      0.0,
      322.04901123046875
    ],
    [
      0.0,
      384.677001953125,
      244.3090057373047
    ],
    [
      0.0,
      0.0,
      1.0
    ]
  ],
  "dist_coeffs": [
    -0.05464319884777069,
    0.06450819969177246,
    -0.00016279099509119987,
    0.0009684509714134037,
    -0.020891400054097176
  ],
  "detections": [
    {
      "image": "0000.png",
      "marker_id": -1,
      "rvec": [
        -0.0523156579883669,
        0.05566204012199272,
        3.0978410863658143
      ],
      "tvec_m": [
        -0.13075303840161923,
        -0.10602538038493073,
        0.4677811629682509
      ],
      "rotation_matrix": [
        [
          -0.9985140099444757,
          -0.04339004731780435,
          -0.03297083162982326
        ],
        [
          0.042177581385552665,
          -0.9984387856133509,
          0.03662025411438539
        ],
        [
          -0.034508311651956204,
          0.035175206846524414,
          0.9987852027589492
        ]
      ],
      "reproj_rmse_px": 0.10025381104052615,
      "per_corner_errors_px": [
        0.13519190457899802,
        0.028277608239757626,
        0.15454021685183356,
        0.07279843169208793,
        0.06129358721336886,
        0.12806073561635958,
        0.04319594519561215,
        0.11052804950036473,
        0.0921111546400516,
        0.1186653225257036,
        0.04137130543729838,
        0.08932607196367878,
        0.13950623803058324,
        0.07610538116415683,
        0.020699701328433465,
        0.08745819680139236,
        0.0950030881734607,
        0.072062488226271,
        0.13561150477187617,
        0.07321780999791283,
        0.11417421890984941,
        0.12461422876794385,
        0.08440452222015132,
        0.14950241014741208,
        0.09131772248498146,
        0.07571364016953144,
        0.14780160194664507,
        0.0972697666125696,
        0.0717000221140845,
        0.05721265893128064,
        0.06221444140780741,
        0.10765906472591466,
        0.07934242910577902,
        0.0571456454502188,
        0.06687344150428752,
        0.13175214626684717,
        0.04986254105938589,
        0.08086271003264899,
        0.10498343605328674,
        0.06936473344503345,
        0.12896603602648257,
        0.03395307668775742,
        0.12277041379430458,
        0.037374725074160474,
        0.05959884499110811,
        0.12230209143319487,
        0.16260750234803795,
        0.0740193787716821,
        0.07663292991785134,
        0.12169087100513458,
        0.03518390173139634,
        0.08793170399667502,
        0.09936604017545185,
        0.13000128833352131,
        0.11695962065085222,
        0.2069172671176622,
        0.10288020104598852,
        0.02743234296860669,
        0.10178913562274082,
        0.09264942959741396,
        0.12792747953520683,
        0.13314116934641806,
        0.11108248571206776,
        0.1053074214823433,
        0.05374361678892519,
        0.06532667646092197,
        0.052264979602853416,
        0.028179723757637574,
        0.050284652062426084,
        0.1313803667774734,
        0.01619374576048555,
        0.19036501325879115,
        0.01787250785244135,
        0.11640371381381726,
        0.1287695867652021,
        0.09979252394817643,
        0.06493328165951248,
        0.04193404850046938,
        0.16858395423741218,
        0.12522146423893732,
        0.07344627284126333,
        0.10702661787390957,
        0.08768259488293094,
        0.06626674309394372,
        0.13444684291081355,
        0.09325324814537804,
        0.09096594166490325,
        0.08963927011722887
      ],
      "transform_matrix": [
        [
          -0.9985140099444757,
          -0.04339004731780435,
          -0.03297083162982326,
          -0.13075303840161923
        ],
        [
          0.042177581385552665,
          -0.9984387856133509,
          0.03662025411438539,
          -0.10602538038493073
        ],
        [
          -0.034508311651956204,
          0.035175206846524414,
          0.9987852027589492,
          0.4677811629682509
        ],
        [
          0.0,
          0.0,
          0.0,
          1.0
        ]
      ]
    },
    {
      "image": "0001.png",
      "marker_id": -1,
      "rvec": [
        0.0080183343347644,
        0.056252372028081594,
        3.108561196966979
      ],
      "tvec_m": [
        -0.05012966285628731,
        0.04664260072134093,
        0.353637697086597
      ],
      "rotation_matrix": [
        [
          -0.9994582263337914,
          -0.0324077330489007,
          0.00574392307946658
        ],
        [
          0.03259433075322492,
          -0.9988169901938799,
          0.03608641992201732
        ],
        [
          0.004567648898614701,
          0.03625408857866905,
          0.9993321658211894
        ]
      ],
      "reproj_rmse_px": 0.10162353472158446,
      "per_corner_errors_px": [
        0.12449881883240044,
        0.1334004660566786,
        0.019308903679767016,
        0.10714760172462028,
        0.05256450951177267,
        0.0654326452496696,
        0.12548076756064663,
        0.12526537793730366,
        0.03460196787054604,
        0.14245573662777924,
        0.19440051141992226,
        0.13684517167799895,
        0.0983649479258362,
        0.12090489806403495,
        0.07689732155927684,
        0.0705646094310476,
        0.025352564622740374,
        0.08674030629372316,
        0.015094441792200567,
        0.10117032510455032,
        0.24093844619958601,
        0.05707549088788988,
        0.07335595956791682,
        0.15890457541913125,
        0.034113668247377896,
        0.08708918647941671,
        0.08643557377977475,
        0.12166687241496749,
        0.06654225707135379,
        0.09670347243645752,
        0.06470290985186014,
        0.037082125331867284,
        0.10172642051813084,
        0.13797699862375468,
        0.03339202259847276,
        0.034894652906437756,
        0.08967361747612143,
        0.12485620944549346,
        0.12045527985886278,
        0.12978822956242028,
        0.1617592651897713,
        0.06419014883135589,
        0.10836404065301279,
        0.12773137569162069,
        0.08413746904184813,
        0.1314496999854348,
        0.07728263088742154,
        0.08866314654014146,
        0.012580794732129023,
        0.03547701085102571,
        0.042974559685911067,
        0.05883504230582626,
        0.0407696727306603,
        0.1440708484645478,
        0.17525526057887422,
        0.12868301322208767,
        0.0305901879832364,
        0.08822949522688332,
        0.04331975979146956,
        0.01209333772705105,
        0.12881499932858206,
        0.19089324554510473,
        0.07523366859159325,
        0.07684785842344014,
        0.06911153056051218,
        0.12430753545167543,
        0.10129297980754537,
        0.07667054155210631,
        0.025955617525230023,
        0.02940051138409536,
        0.08141099207530758,
        0.16169560203614672,
        0.09732511911716453,
        0.08509684840759278,
        0.03619473069432723,
        0.06555484445961396,
        0.12208516228081681,
        0.09486700685106156,
        0.04275717817582142,
        0.09717655328706805,
        0.03355663427480364,
        0.1597942003901138,
        0.062249034028406494,
        0.11410694222754737,
        0.12224951299202945,
        0.018237796791377724,
        0.03596232188050786,
        0.16656731245753018
      ],
      "transform_matrix": [
        [
          -0.9994582263337914,
          -0.0324077330489007,
          0.00574392307946658,
          -0.05012966285628731
        ],
        [
          0.03259433075322492,
          -0.9988169901938799,
          0.03608641992201732,
          0.04664260072134093
        ],
        [
          0.004567648898614701,
          0.03625408857866905,
          0.9993321658211894,
          0.353637697086597
        ],
        [
          0.0,
          0.0,
          0.0,
          1.0
        ]
      ]
    },
    {
      "image": "0002.png",
      "marker_id": -1,
      "rvec": [
        -0.018306356627640977,
        0.028207915766726998,
        3.104291591608363
      ],
      "tvec_m": [
        0.22249325660690036,
        -0.028155919490301475,
        0.3453038944036911
      ],
      "rotation_matrix": [
        [
          -0.9992416518217836,
          -0.037215352142293504,
          -0.011451586326723386
        ],
        [
          0.03700110880305228,
          -0.9991461098425315,
          0.01838393684390224
        ],
        [
          -0.012125972613279102,
          0.017946274027245582,
          0.9997654185041216
        ]
      ],
      "reproj_rmse_px": 0.09208757982666074,
      "per_corner_errors_px": [
        0.14704450747315756,
        0.17330236586198436,
        0.0294159782759905,
        0.008921280634011505,
        0.11027431454566002,
        0.13394019839985913,
        0.09489859182636465,
        0.06174708458078197,
        0.03853214702623244,
        0.12238254104430528,
        0.05760444133134107,
        0.08722966134457835,
        0.11390176970655579,
        0.09672767105817383,
        0.04864679705680849,
        0.10354866184719962,
        0.08626351136453549,
        0.09496987993057401,
        0.08342144207567123,
        0.12659656726878982,
        0.08137049505083381,
        0.012643421474568154,
        0.06931178772773694,
        0.02073291547106214,
        0.08389644373816527,
        0.04424150558030401,
        0.08519124113939874,
        0.07453974474514866,
        0.06055072621012823,
        0.13869692559311367,
        0.05825644797672644,
        0.0573191634542549,
        0.016751278009388887,
        0.08616490063526569,
        0.03359228376519136,
        0.10777983721822285,
        0.05103131206977326,
        0.0423494411737136,
        0.05353476571807189,
        0.024350158373157516,
        0.05273780456154545,
        0.057342961096050235,
        0.09121209747765067,
        0.05550682664575969,
        0.1357087854436257,
        0.0616551882433906,
        0.07205909847559447,
        0.15708017341914962,
        0.020560777057393998,
        0.12974350471253196,
        0.050101467912469264,
        0.03742229182662325,
        0.07415803667502097,
        0.13916699586799822,
        0.07327522569795729,
        0.10772649590399944,
        0.1768417751681624,
        0.021061429896839297,
        0.08739424267221962,
        0.06423389723277298,
        0.05929032896547335,
        0.089184576020541,
        0.017548019001604735,
        0.05767246229510635,
        0.067364357626279,
        0.24553803308591302,
        0.11371564922850161,
        0.012267834838400101,
        0.13930218951483972,
        0.11148163368590658,
        0.13663634847483938,
        0.026682367338992697,
        0.04926021181623595,
        0.07470148203782673,
        0.0649831773152886,
        0.13970349727206346,
        0.11564254491347387,
        0.20986134121684893,
        0.0445161390765146,
        0.06678391922185399,
        0.0714740760526953,
        0.020748261039799976,
        0.09655413863502027,
        0.021945408651827855,
        0.03306095375132713,
        0.05306096995523832,
        0.09758549843569357,
        0.11006699971185319
      ],
      "transform_matrix": [
        [
          -0.9992416518217836,
          -0.037215352142293504,
          -0.011451586326723386,
          0.22249325660690036
        ],
        [
          0.03700110880305228,
          -0.9991461098425315,
          0.01838393684390224,
          -0.028155919490301475
        ],
        [
          -0.012125972613279102,
          0.017946274027245582,
          0.9997654185041216,
          0.3453038944036911
        ],
        [
          0.0,
          0.0,
          0.0,
          1.0
        ]
      ]
    },
    {
      "image": "0009.png",
      "marker_id": -1,
      "rvec": [
        0.24381891021535784,
        -0.20838158563129827,
        -2.371445680434611
      ],
      "tvec_m": [
        -0.1633233337063715,
        0.011011432512856082,
        0.46411912300659725
      ],
      "rotation_matrix": [
        [
          -0.7146857551038612,
          0.6590683482732831,
          -0.2342075655395234
        ],
        [
          -0.6898133445265899,
          -0.7195342806180456,
          0.08017461399041324
        ],
        [
          -0.11567982176967503,
          0.21885915863814825,
          0.9688750422606301
        ]
      ],
      "reproj_rmse_px": 0.07410200913609112,
      "per_corner_errors_px": [
        0.09236460850904159,
        0.04972307442480793,
        0.02621644705543789,
        0.01599219837660674,
        0.08161684792834786,
        0.03723689168103323,
        0.047248864751502515,
        0.06675779292879429,
        0.06322783701530292,
        0.03770678281041662,
        0.03606994507648011,
        0.016822460492989924,
        0.06818720491909401,
        0.05717439445091363,
        0.04570792583036956,
        0.047260482341215306,
        0.03150723307362654,
        0.032620670061370836,
        0.04681206209687786,
        0.04791851482354741,
        0.06411422727616646,
        0.02479859722728245,
        0.07253270987386805,
        0.02058288095775272,
        0.06411750686571055,
        0.043062982805073084,
        0.03715520938253915,
        0.0337848805127482,
        0.032040823882862994,
        0.04650995566311388,
        0.05076761871494838,
        0.0358258841229699,
        0.04429353210197699,
        0.07233572549530208,
        0.03582135924276931,
        0.05785113429863672,
        0.020638209557907482,
        0.06260996274391736,
        0.031059938897726166,
        0.03760669996361131,
        0.025495416742031412,
        0.023151224959911752,
        0.035533834761732386,
        0.02327108632990265,
        0.025933491845661252,
        0.02213189771245324,
        0.027438965861832552,
        0.04063253358744235,
        0.07627337318111957,
        0.019136823428450328,
        0.05946640380880621,
        0.03108111342609963,
        0.06040461129721827,
        0.09940104503553718,
        0.057196313873125584,
        0.05765408926214249,
        0.0432682108789734,
        0.07782072008366032,
        0.0445756182129874,
        0.03263120335451416,
        0.11143121972514428,
        0.029758151397739418,
        0.08088990671335139,
        0.0362289500295783,
        0.03620067157366686,
        0.05421397056215285,
        0.12803364835559528,
        0.03644643885070313,
        0.006748286660094881,
        0.006483525340672213,
        0.10641405581080152,
        0.025262515299911074,
        0.0630821808825171,
        0.04719666938040304,
        0.1455047057982808,
        0.02242534782042345,
        0.04563562895609395,
        0.2173857214802594,
        0.09497601339018463,
        0.08816807540646888,
        0.10507322372190052,
        0.15770940839654887,
        0.13549922496643735,
        0.14215196622445753,
        0.13940308791077394,
        0.19869723851411455,
        0.15938078166324324,
        0.17294772469477263
      ],
      "transform_matrix": [
        [
          -0.7146857551038612,
          0.6590683482732831,
          -0.2342075655395234,
          -0.1633233337063715
        ],
        [
          -0.6898133445265899,
          -0.7195342806180456,
          0.08017461399041324,
          0.011011432512856082
        ],
        [
          -0.11567982176967503,
          0.21885915863814825,
          0.9688750422606301,
          0.46411912300659725
        ],
        [
          0.0,
          0.0,
          0.0,
          1.0
        ]
      ]
    },
    {
      "image": "0010.png",
      "marker_id": -1,
      "rvec": [
        0.3194422927702236,
        -0.17812259722311893,
        -2.674649660560494
      ],
      "tvec_m": [
        -0.0721232949056567,
        -0.018038057056009145,
        0.44720194348326336
      ],
      "rotation_matrix": [
        [
          -0.8772169139121083,
          0.4089850606203768,
          -0.2514392692796085
        ],
        [
          -0.4387154224898924,
          -0.8955869998019063,
          0.07384242584947687
        ],
        [
          -0.19498529179410423,
          0.17508611017201509,
          0.9650521177681548
        ]
      ],
      "reproj_rmse_px": 0.07019387119157625,
      "per_corner_errors_px": [
        0.07923994128424476,
        0.08263810224490399,
        0.08193762541367185,
        0.09066156687711004,
        0.06162373585776516,
        0.07433081339200061,
        0.04225557850733397,
        0.05364785514096433,
        0.06830683704688748,
        0.0427600634378479,
        0.0867252708730068,
        0.010038325879896044,
        0.020702823681570996,
        0.0898122320952729,
        0.07867371520915084,
        0.05853855803635785,
        0.048464836269051355,
        0.06909127248868355,
        0.06333704624136402,
        0.02729986305862477,
        0.04891296087844622,
        0.03531940726925112,
        0.10127725049340976,
        0.030490046405953854,
        0.06018370362152659,
        0.07781671877917487,
        0.034413616465167586,
        0.025535795866132263,
        0.053377023502985364,
        0.05216355380284115,
        0.06757190283661083,
        0.08426944011868492,
        0.0834319000879952,
        0.08981567558999372,
        0.09848419900871853,
        0.06479005106930731,
        0.04320538941461227,
        0.05645061217210813,
        0.028263177429007524,
        0.05980179334871534,
        0.013111992254900664,
        0.06309702529952663,
        0.09658539505169003,
        0.06087091638016565,
        0.03722581375383721,
        0.027133105083789917,
        0.03638296186758086,
        0.03218729931215979,
        0.025526278122741414,
        0.06868287608713489,
        0.02686254948689247,
        0.06921401909363196,
        0.07149715584112722,
        0.06625087916636975,
        0.056933316754419365,
        0.014335006657870094,
        0.029242210736404206,
        0.027064095328313973,
        0.05408106772871653,
        0.09010391056764219,
        0.012915579352995471,
        0.03169448262907974,
        0.04742236444682004,
        0.006486694502225715,
        0.06544443684881594,
        0.032289446529688834,
        0.09804032701829686,
        0.10702129077906622,
        0.08004188126664485,
        0.04605805499104849,
        0.05197497666915305,
        0.04146935083090602,
        0.08255381465995934,
        0.07022109677873492,
        0.05792870726633046,
        0.0784813644264624,
        0.03960446895544887,
        0.1585148262515452,
        0.15062885628961165,
        0.16905214221955225,
        0.14349266415371442,
        0.08927598165338388,
        0.07376384337577419,
        0.03418889561185057,
        0.06382834422456192,
        0.11028490157097151,
        0.060427042729729055,
        0.10154857871104243
      ],
      "transform_matrix": [
        [
          -0.8772169139121083,
          0.4089850606203768,
          -0.2514392692796085,
          -0.0721232949056567
        ],
        [
          -0.4387154224898924,
          -0.8955869998019063,
          0.07384242584947687,
          -0.018038057056009145
        ],
        [
          -0.19498529179410423,
          0.17508611017201509,
          0.9650521177681548,
          0.44720194348326336
        ],
        [
          0.0,
          0.0,
          0.0,
          1.0
        ]
      ]
    },
    {
      "image": "0011.png",
      "marker_id": -1,
      "rvec": [
        0.36750988495707076,
        -0.14242076970123815,
        -2.8991063274525106
      ],
      "tvec_m": [
        0.012066726651291623,
        -0.014653419999203844,
        0.4187832851689291
      ],
      "rotation_matrix": [
        [
          -0.945611553946346,
          0.20010614160721676,
          -0.25646894769981265
        ],
        [
          -0.224280411188459,
          -0.9721177024267104,
          0.06845049149384982
        ],
        [
          -0.23562064043778613,
          0.12224853667707586,
          0.9641256189314753
        ]
      ],
      "reproj_rmse_px": 0.06337802525559544,
      "per_corner_errors_px": [
        0.14677120459575463,
        0.02893897119019358,
        0.08421500725996475,
        0.010561791191451038,
        0.09978850298126882,
        0.09139168871770742,
        0.042814222183925825,
        0.03869931282180998,
        0.047703222178931796,
        0.049666266293389834,
        0.0915393601484172,
        0.08626419739642045,
        0.033233251179215294,
        0.09725331699419262,
        0.018673893830520667,
        0.08198514277174836,
        0.07880378143721661,
        0.09794939350616526,
        0.028324558777675857,
        0.03645029926482082,
        0.07317452568936612,
        0.05720347938128488,
        0.04752315355431559,
        0.09237473479973417,
        0.06701173558638032,
        0.03860308530731972,
        0.042156831078581036,
        0.0027208598731102594,
        0.036086685828828166,
        0.05809934937539236,
        0.08289966923659715,
        0.008234842704156245,
        0.08643644217854,
        0.02939092816526504,
        0.022754465562170614,
        0.028804622849130747,
        0.05731825775512173,
        0.038497775866495595,
        0.00849067046103706,
        0.08500830083715234,
        0.09062637430053737,
        0.044053341551480905,
        0.05641416752105669,
        0.0843119639291291,
        0.053974269719049776,
        0.03712035583785074,
        0.020375058493350938,
        0.015412243407885847,
        0.03200295031166036,
        0.05165025801922933,
        0.012055309825518315,
        0.0700706951242371,
        0.021130625767916095,
        0.014735720093968627,
        0.062450084855919186,
        0.06645336206312823,
        0.07558290412933369,
        0.08429330585593006,
        0.032645616079068726,
        0.06874496913576865,
        0.018884787146360025,
        0.08959351173242161,
        0.06078465749259012,
        0.03158831795234557,
        0.00302897599467251,
        0.00861862194725922,
        0.06627893318902302,
        0.012856512940870313,
        0.07499041696658054,
        0.023139529241163435,
        0.1040124363321311,
        0.022485299824493547,
        0.04898881464111918,
        0.019474270119152284,
        0.061801120845620144,
        0.016597617418074313,
        0.04599127388125684,
        0.009141567622977041,
        0.18256723445535722,
        0.04634272054612444,
        0.09175681058359254,
        0.054270125025168967,
        0.07875526765409534,
        0.05926578327580888,
        0.05752824820783771,
        0.051421358564971716,
        0.07972406920674281,
        0.10346155376476134
      ],
      "transform_matrix": [
        [
          -0.945611553946346,
          0.20010614160721676,
          -0.25646894769981265,
          0.012066726651291623
        ],
        [
          -0.224280411188459,
          -0.9721177024267104,
          0.06845049149384982,
          -0.014653419999203844
        ],
        [
          -0.23562064043778613,
          0.12224853667707586,
          0.9641256189314753,
          0.4187832851689291
        ],
        [
          0.0,
          0.0,
          0.0,
          1.0
        ]
      ]
    },
    {
      "image": "0013.png",
      "marker_id": -1,
      "rvec": [
        0.09721673117054709,
        -0.09636037569900475,
        -2.336949827290749
      ],
      "tvec_m": [
        -0.04491127453565651,
        0.0667290597379151,
        0.41803036766932167
      ],
      "rotation_matrix": [
        [
          -0.6933238330056203,
          0.7136723475734345,
          -0.09986912884078694
        ],
        [
          -0.7194716129285009,
          -0.6933751441331727,
          0.03989370487136256
        ],
        [
          -0.040775737595487964,
          0.09951225958305332,
          0.9942005076523643
        ]
      ],
      "reproj_rmse_px": 0.04584057112283461,
      "per_corner_errors_px": [
        0.03323478046785227,
        0.07074972846742529,
        0.08993536494050113,
        0.05291259417862722,
        0.0344160754008135,
        0.041809347211869366,
        0.09506795845996156,
        0.031688399441506546,
        0.005562975743700916,
        0.07135909264557869,
        0.058743551386854186,
        0.0533624679938824,
        0.06644039435802547,
        0.024942182250937986,
        0.04909566200372592,
        0.06506550676887012,
        0.061238254524986636,
        0.021632407169993484,
        0.05891736465901795,
        0.03793830932877086,
        0.018861086120664994,
        0.011842464217868347,
        0.040195053379459604,
        0.034041502508895,
        0.03674348701355196,
        0.029962802750321517,
        0.056764151321308236,
        0.037327555692765906,
        0.023432903240381393,
        0.023890715796131674,
        0.05902016196678102,
        0.04016512495136936,
        0.05180478197982205,
        0.02667958138472555,
        0.01217154054936802,
        0.06688302236141826,
        0.04164704608265024,
        0.056005232634628796,
        0.032271050894852694,
        0.04841731286866813,
        0.05792621991774753,
        0.04110270973474441,
        0.027115296925172314,
        0.021083553106671305,
        0.020192936500446703,
        0.023380218921460666,
        0.022987974377964807,
        0.03681784201095656,
        0.02199507910161186,
        0.02251127477323248,
        0.05738951330933822,
        0.06983267394197297,
        0.009371081993135019,
        0.05667252488246008,
        0.012483546894399815,
        0.08065573285728513,
        0.021282050340371325,
        0.06308687977262904,
        0.0491122875541844,
        0.045372522937335465,
        0.06377744854046186,
        0.017319815455099915,
        0.021571097824757437,
        0.03790145566232579,
        0.006471814238667952,
        0.05990596840778952,
        0.057952604796498164,
        0.04673703827592213,
        0.0931183420250061,
        0.04051684269441454,
        0.031149604587253403,
        0.0325498120693637,
        0.016339740055724424,
        0.08280433172324067,
        0.015424920599952128,
        0.034926907053173854,
        0.030636738269297647,
        0.042199612982666404,
        0.05882538970261484,
        0.04487319661150727,
        0.018453042473815663,
        0.009511600388031689,
        0.04238455826547272,
        0.042917587314993,
        0.05031870650228831,
        0.003142770135812203,
        0.03946837722768238,
        0.01658888353114049
      ],
      "transform_matrix": [
        [
          -0.6933238330056203,
          0.7136723475734345,
          -0.09986912884078694,
          -0.04491127453565651
        ],
        [
          -0.7194716129285009,
          -0.6933751441331727,
          0.03989370487136256,
          0.0667290597379151
        ],
        [
          -0.040775737595487964,
          0.09951225958305332,
          0.9942005076523643,
          0.41803036766932167
        ],
        [
          0.0,
          0.0,
          0.0,
          1.0
        ]
      ]
    },
    {
      "image": "0014.png",
      "marker_id": -1,
      "rvec": [
        0.10316529927227895,
        -0.0799869155929956,
        -2.8478591544427103
      ],
      "tvec_m": [
        -0.07737726016459896,
        -0.013604162798883846,
        0.4169169308528786
      ],
      "rotation_matrix": [
        [
          -0.9554669786490121,
          0.2843755669535889,
          -0.07882505712749682
        ],
        [
          -0.2883516330742677,
          -0.9564897212172951,
          0.04450560536678527
        ],
        [
          -0.06273905015802453,
          0.06525297024263374,
          0.9958945031778125
        ]
      ],
      "reproj_rmse_px": 0.06611206457068762,
      "per_corner_errors_px": [
        0.07979972719334881,
        0.04621931823946838,
        0.11038061788993099,
        0.08213152447524805,
        0.07929264679655881,
        0.0483846434634022,
        0.07379161447848652,
        0.0816780421430185,
        0.054459035083892625,
        0.06903465906978444,
        0.07863966527457575,
        0.07601131540742659,
        0.03603789366606918,
        0.022462822822469843,
        0.06636045911867872,
        0.10710164340614266,
        0.06280214622338864,
        0.09868173540762161,
        0.05731065549269928,
        0.049289486441369344,
        0.06347422036352171,
        0.029190863738799897,
        0.05559027187050166,
        0.03868638124727939,
        0.07320976723812937,
        0.03252922498825784,
        0.04686146698306422,
        0.025141504508590894,
        0.031755059797766924,
        0.02596466023793369,
        0.08487723971484835,
        0.03205760836101397,
        0.06815842510641036,
        0.08274272964101156,
        0.027460446057493343,
        0.03294570154984873,
        0.045753387125044204,
        0.06014157236723124,
        0.026035175813731215,
        0.022454704122325208,
        0.1043519948028569,
        0.03724980262072589,
        0.07348673801787013,
        0.07065433433049348,
        0.016298219564092144,
        0.07498302723717247,
        0.03495318398420203,
        0.03463949320201806,
        0.07448736117436719,
        0.08447840146885059,
        0.05327163517323676,
        0.026043730195312045,
        0.1060969187821744,
        0.03493511878812192,
        0.03831204910683206,
        0.08967938489908138,
        0.04156275359746284,
        0.10692231585215431,
        0.04737524911573157,
        0.06270439454699644,
        0.057795474579340464,
        0.09792873088081157,
        0.040394035412409324,
        0.06032309964555303,
        0.061839130254909454,
        0.04787834852574693,
        0.10146235223136298,
        0.07252151681227403,
        0.054550321592108944,
        0.08586817548709823,
        0.09824448101281526,
        0.03139159464794298,
        0.080273578334888,
        0.07533651522433016,
        0.03837690184079213,
        0.08488385323213925,
        0.03682981389613549,
        0.022406941443222042,
        0.06953363823153709,
        0.08747325431209822,
        0.03733308669935506,
        0.02421749517626608,
        0.04077074078115021,
        0.052489458973336005,
        0.054085269810831206,
        0.11212116650221754,
        0.05258264913589962,
        0.14720761264739488
      ],
      "transform_matrix": [
        [
          -0.9554669786490121,
          0.2843755669535889,
          -0.07882505712749682,
          -0.07737726016459896
        ],
        [
          -0.2883516330742677,
          -0.9564897212172951,
          0.04450560536678527,
          -0.013604162798883846
        ],
        [
          -0.06273905015802453,
          0.06525297024263374,
          0.9958945031778125,
          0.4169169308528786
        ],
        [
          0.0,
          0.0,
          0.0,
          1.0
        ]
      ]
    },
    {
      "image": "0015.png",
      "marker_id": -1,
      "rvec": [
        0.10825290739565328,
        -0.07682975292896667,
        -2.941524788661639
      ],
      "tvec_m": [
        -0.08775910259492015,
        -0.0256820263166659,
        0.4165239739532619
      ],
      "rotation_matrix": [
        [
          -0.9779666183667343,
          0.19370184905425122,
          -0.0778516989750283
        ],
        [
          -0.19750178921772213,
          -0.9792952153747578,
          0.044428868991965374
        ],
        [
          -0.06763384223990837,
          0.058825800607138636,
          0.9959744919257699
        ]
      ],
      "reproj_rmse_px": 0.07090237098955696,
      "per_corner_errors_px": [
        0.09825881974008305,
        0.029893421188817573,
        0.04238441093731395,
        0.08248779665966025,
        0.0483343254247557,
        0.06988173884204706,
        0.12441986657325634,
        0.052671853436247786,
        0.04069296422493345,
        0.06299694856211448,
        0.16271731329840264,
        0.03616236365257215,
        0.03843844088291561,
        0.07488505430098395,
        0.10375644923969551,
        0.0167391159427555,
        0.04742949077752014,
        0.09064247947498523,
        0.025462470800309705,
        0.06402142144742301,
        0.0687686186715478,
        0.09016409022548998,
        0.10332655299528616,
        0.05232689664508516,
        0.029040570984110267,
        0.07590900019423175,
        0.010455826470964345,
        0.07770895912579659,
        0.09140327429515328,
        0.04247873142120406,
        0.06311503380057698,
        0.07734518220557006,
        0.01668927761230634,
        0.044513139944195715,
        0.00734964841025378,
        0.06570479218637425,
        0.08209320393672905,
        0.02034479390354083,
        0.055541012769685844,
        0.04304440686008933,
        0.10536422655071011,
        0.10222993519212902,
        0.038855385993334685,
        0.05387119900201098,
        0.05234792273313867,
        0.028317283036331044,
        0.047909428023564474,
        0.07063081280406543,
        0.017698900628770012,
        0.04724701785681923,
        0.03918501578942976,
        0.08084454897754265,
        0.0359889819709984,
        0.08616985102830908,
        0.039944587384387366,
        0.023674291676694405,
        0.050042284402712814,
        0.07235947215330901,
        0.08047636202530563,
        0.0610705174725091,
        0.08727790211460684,
        0.025817480331633273,
        0.06510740452728568,
        0.04186132678030955,
        0.058973993884566235,
        0.09215439812764567,
        0.13742818906111554,
        0.08802043240073401,
        0.10498096924631414,
        0.060947459232619655,
        0.047787162598270844,
        0.11304369578886352,
        0.09930706979766148,
        0.08836423591761212,
        0.09718140755327397,
        0.07428415421790535,
        0.013010180461315655,
        0.053515904595777604,
        0.1034155080527357,
        0.11748019845562409,
        0.04131528746449793,
        0.08450624350693306,
        0.027005652432482145,
        0.042836587109104055,
        0.023380818018837332,
        0.11479020386744582,
        0.05011733713451224,
        0.08013430063354071
      ],
      "transform_matrix": [
        [
          -0.9779666183667343,
          0.19370184905425122,
          -0.0778516989750283,
          -0.08775910259492015
        ],
        [
          -0.19750178921772213,
          -0.9792952153747578,
          0.044428868991965374,
          -0.0256820263166659
        ],
        [
          -0.06763384223990837,
          0.058825800607138636,
          0.9959744919257699,
          0.4165239739532619
        ],
        [
          0.0,
          0.0,
          0.0,
          1.0
        ]
      ]
    },
    {
      "image": "0016.png",
      "marker_id": -1,
      "rvec": [
        0.09418616353865149,
        -0.1103453808392592,
        -2.025561530095471
      ],
      "tvec_m": [
        -0.045997584706764606,
        0.11722761414502185,
        0.4195816405608081
      ],
      "rotation_matrix": [
        [
          -0.4408008427757813,
          0.8901445257832978,
          -0.11548740288961784
        ],
        [
          -0.8974222801715395,
          -0.43964364723144816,
          0.03669760892408169
        ],
        [
          -0.018107127322571664,
          0.11981730537388133,
          0.9926308202313014
        ]
      ],
      "reproj_rmse_px": 0.05519677291934921,
      "per_corner_errors_px": [
        0.06322359799628276,
        0.040063449369143335,
        0.024401488325670195,
        0.019477034976119124,
        0.07232114213845761,
        0.08703257679953384,
        0.03605767173536819,
        0.06938931004944264,
        0.03948126243404048,
        0.008312924537971765,
        0.014343249922871325,
        0.0397048134729521,
        0.041823419262866875,
        0.026824638891886823,
        0.10599378797689477,
        0.11077507058143156,
        0.04874389940811313,
        0.04181527306397406,
        0.06752820455079342,
        0.04817188829368991,
        0.05224501367670661,
        0.03876282491998424,
        0.047803655894274696,
        0.09484129905754196,
        0.06641392632895315,
        0.06979341029069272,
        0.024044831920652716,
        0.021199300058081242,
        0.02168183300706904,
        0.06513968348762678,
        0.040136902234526636,
        0.05118973586606126,
        0.04563887226418761,
        0.09660640710185434,
        0.09023815809183228,
        0.0636563724308965,
        0.05314901105255931,
        0.047547148012811145,
        0.05522140499727684,
        0.04747456816629353,
        0.07530225047206786,
        0.04828245577119075,
        0.05285318133589103,
        0.10879417032651381,
        0.03936149258988331,
        0.04033881903041339,
        0.044932641828311026,
        0.04784098772093998,
        0.024957121657612196,
        0.01093170443834353,
        0.05604883448019512,
        0.08879983070933084,
        0.040239410200808144,
        0.05103591897611753,
        0.05086075467871032,
        0.03407606000476797,
        0.02023674505682691,
        0.05888775289421158,
        0.053569391585951545,
        0.01780374749633322,
        0.0656946222029014,
        0.04044165731472051,
        0.04464178011999001,
        0.038253600944819145,
        0.03804396475664054,
        0.059577072747851775,
        0.01720121563436183,
        0.03558834510494609,
        0.057817273593418775,
        0.06718651254917428,
        0.06567484768708973,
        0.05576086906402521,
        0.07970142110183946,
        0.08469087779557329,
        0.07475988308426335,
        0.027800680008574295,
        0.05876470728517133,
        0.029079566272837684,
        0.007095574806727606,
        0.07869093921127138,
        0.03548900053049815,
        0.012035248732506143,
        0.05707570090041988,
        0.07070149921792565,
        0.019333539575061648,
        0.041241132458682314,
        0.027136209617428474,
        0.048876597944282715
      ],
      "transform_matrix": [
        [
          -0.4408008427757813,
          0.8901445257832978,
          -0.11548740288961784,
          -0.045997584706764606
        ],
        [
          -0.8974222801715395,
          -0.43964364723144816,
          0.03669760892408169,
          0.11722761414502185
        ],
        [
          -0.018107127322571664,
          0.11981730537388133,
          0.9926308202313014,
          0.4195816405608081
        ],
        [
          0.0,
          0.0,
          0.0,
          1.0
        ]
      ]
    },
    {
      "image": "0017.png",
      "marker_id": -1,
      "rvec": [
        0.057230436514074945,
        -0.08501458139174434,
        -1.9154934296705657
      ],
      "tvec_m": [
        -0.180036992079266,
        0.17525081392024666,
        0.38414550148046767
      ],
      "rotation_matrix": [
        [
          -0.3392955701495456,
          0.937133259654752,
          -0.08160741219860998
        ],
        [
          -0.94067821635934,
          -0.3378557953766008,
          0.03127226882487223
        ],
        [
          0.0017347460636647008,
          0.08737685722949476,
          0.9961738179036784
        ]
      ],
      "reproj_rmse_px": 0.05312569647474351,
      "per_corner_errors_px": [
        0.08553416204002587,
        0.025811022058451538,
        0.07981548746249845,
        0.06007925900482666,
        0.13333937627838993,
