{"image": "images/0000.png", "timestamp": "2025-12-29T11:05:44.805679", "matrix4x4": [[0.5786276591950819, -0.06327162205267618, 0.8131338966352608, 0.270877400336246], [0.046526765482885896, 0.9979234817234234, 0.04454194336466151, 0.03181213814851756], [-0.8142636502436547, 0.012059289689839964, 0.5803699522063973, 0.22329479117404644], [0.0, 0.0, 0.0, 1.0]], "joint_state": [0.13395783305168152, 1.3534313440322876, -0.9036208987236023, 0.5023313760757446, -0.03117520920932293, 0.06453339755535126], "gripper_q": 0.0}
{"image": "images/0001.png", "timestamp": "2025-12-29T11:06:01.501833", "matrix4x4": [[0.5650345209383547, -0.03311703572497665, 0.8244023605574854, 0.0834565014883316], [-0.000573287622653856, 0.9991781222194517, 0.040530869955039184, -0.051644300128671376], [-0.8250670648433771, -0.02337396035765449, 0.5645511460336727, 0.21977238868926596], [0.0, 0.0, 0.0, 1.0]], "joint_state": [-1.5872159004211426, 1.0538921356201172, -0.8207623362541199, 1.3482155799865723, 0.6003941893577576, -1.6308459043502808], "gripper_q": 0.0}
{"image": "images/0002.png", "timestamp": "2025-12-29T11:06:20.124510", "matrix4x4": [[0.576967377652373, -0.04357261067532625, 0.8156041151955281, 0.14422081214437], [0.007374937617072988, 0.9988132165377396, 0.04814321099260695, -0.3216731661148069], [-0.8167338951091035, -0.021762032728374292, 0.5766039875958551, 0.2733596119409606], [0.0, 0.0, 0.0, 1.0]], "joint_state": [-1.3925892114639282, 1.8483495712280273, -1.7021877765655518, 1.3088159561157227, 0.6054562926292419, -1.4068846702575684], "gripper_q": 0.0}
{"image": "images/0003.png", "timestamp": "2025-12-29T11:06:39.294026", "matrix4x4": [[0.57632929245117, 0.22009628141145515, 0.7870210756844975, 0.33502432607893445], [0.060077799318603936, 0.9490327686024606, -0.30939854903955566, 0.11746561561377297], [-0.8150062605230513, 0.2255979410978707, 0.5337324838162226, 0.20716068803418625], [0.0, 0.0, 0.0, 1.0]], "joint_state": [0.41088858246803284, 1.619515061378479, -1.0647478103637695, 0.42040497064590454, -0.1760302037000656, 0.6527678370475769], "gripper_q": 0.0}
{"image": "images/0004.png", "timestamp": "2025-12-29T11:06:41.557716", "matrix4x4": [[0.5737207021949069, 0.20095049998827347, 0.7940172872346329, 0.3350392100637188], [0.07047195478569909, 0.953729529205493, -0.2922904184371272, 0.1540235576723133], [-0.8160136392620319, 0.22364901447565427, 0.5330130006504561, 0.18551233465077027], [0.0, 0.0, 0.0, 1.0]], "joint_state": [0.5220785737037659, 1.6880073547363281, -1.0444462299346924, 0.34911614656448364, -0.22696428000926971, 0.7293784022331238], "gripper_q": 0.0}
{"image": "images/0005.png", "timestamp": "2025-12-29T11:06:55.053039", "matrix4x4": [[0.5963258784605365, 0.7986220360562075, 0.08122986029599033, 0.5134706997208832], [0.08934480246880033, 0.03453166008833608, -0.9954019643959693, 0.31297851678510674], [-0.7977549454250216, 0.6008414166624837, -0.0507606055217954, 0.24283102173583063], [0.0, 0.0, 0.0, 1.0]], "joint_state": [0.6146661043167114, 2.5732855796813965, -2.9216673374176025, 1.3252413272857666, -0.27432888746261597, 2.0365958213806152], "gripper_q": 0.0}
{"image": "images/0006.png", "timestamp": "2025-12-29T11:07:03.165745", "matrix4x4": [[0.5259514869870531, 0.7559722106051184, 0.3897191939447148, 0.5139858038134915], [0.24827376626367156, 0.30179430930568624, -0.9204783168852788, 0.3141875999937494], [-0.8134710629895566, 0.5808839915710489, -0.028958902174049977, -0.09547982885598952], [0.0, 0.0, 0.0, 1.0]], "joint_state": [0.5667291879653931, 2.7232789993286133, -1.6608173847198486, -0.1086236983537674, -0.07297618687152863, 1.7230380773544312], "gripper_q": 0.0}
{"image": "images/0007.png", "timestamp": "2025-12-29T11:07:17.901382", "matrix4x4": [[0.5170819156718178, 0.7384443607053307, 0.43281198993056835, 0.2953392430535545], [0.2474027624822219, 0.3551323332071721, -0.9014837208885113, 0.25900751174207515], [-0.8194011017818614, 0.5732198112882398, 0.0009393323938497872, 0.15244016347013462], [0.0, 0.0, 0.0, 1.0]], "joint_state": [0.7942658066749573, 1.7931557893753052, -1.0187402963638306, 0.21466277539730072, -0.19674482941627502, 1.858087420463562], "gripper_q": 0.0}
{"image": "images/0008.png", "timestamp": "2025-12-29T11:07:24.260764", "matrix4x4": [[0.5226079013671772, 0.5733202071062904, 0.6310189549864529, 0.2968364038236065], [0.2392404516541154, 0.6117821253676776, -0.7539805285104795, 0.19270849459380182], [-0.8183183901886415, 0.5450014414698439, 0.18256078734181336, 0.1983235877425058], [0.0, 0.0, 0.0, 1.0]], "joint_state": [0.6223124861717224, 1.6198453903198242, -1.0246461629867554, 0.372066855430603, -0.11047022044658661, 1.4061589241027832], "gripper_q": 0.0}
{"image": "images/0009.png", "timestamp": "2025-12-29T11:07:29.005548", "matrix4x4": [[0.5199443425875802, 0.46417534997213067, 0.7170767916265448, 0.23849537493796308], [0.2476871014185705, 0.7214796950102491, -0.646620560668144, 0.1410120674032538], [-0.8175016699689583, 0.5138173743327179, 0.26015903872784424, 0.2493770260730049], [0.0, 0.0, 0.0, 1.0]], "joint_state": [0.5740097761154175, 1.3602752685546875, -1.0288350582122803, 0.6295692324638367, -0.07440987229347229, 1.2081161737442017], "gripper_q": 0.0}
{"image": "images/0010.png", "timestamp": "2025-12-29T11:07:32.884357", "matrix4x4": [[0.5238534209648805, 0.21352536889953885, 0.8246117329869298, 0.21284027762349447], [0.25729929263711554, 0.8831858044357168, -0.3921478150540634, 0.03188488998547681], [-0.812018883617759, 0.41759999003777737, 0.40771997862333975, 0.25283285007754414], [0.0, 0.0, 0.0, 1.0]], "joint_state": [-0.048255495727062225, 1.1972218751907349, -0.9586849212646484, 0.770724892616272, 0.2861582338809967, 0.3756011128425598], "gripper_q": 0.0}
{"image": "images/0011.png", "timestamp": "2025-12-29T11:07:37.792477", "matrix4x4": [[0.520206370706141, 0.021707791671424448, 0.8537646652664275, 0.17136047538363386], [0.2544420894539855, 0.950340783184912, -0.17919715100909966, -0.07424602725391763], [-0.8152573550671194, 0.31045316489969643, 0.4888499538843456, 0.2515650781415938], [0.0, 0.0, 0.0, 1.0]], "joint_state": [-0.8748056888580322, 1.3083175420761108, -1.0556974411010742, 1.1501785516738892, 0.5972259044647217, -0.7120798230171204], "gripper_q": 0.0}
{"image": "images/0012.png", "timestamp": "2025-12-29T11:08:07.196754", "matrix4x4": [[0.5650503735836417, 0.5340588383299274, 0.6288872971484442, 0.3017049761920242], [0.11683911314052477, 0.7027576068187497, -0.7017694548061487, 0.02209935932625855], [-0.8167415117119509, 0.47001372667196867, 0.33469448723635264, 0.15855541860413608], [0.0, 0.0, 0.0, 1.0]], "joint_state": [0.02146393060684204, 1.5247002840042114, -0.7321749925613403, 0.17107999324798584, 0.10487708449363708, 0.8024430871009827], "gripper_q": 0.0}
{"image": "images/0013.png", "timestamp": "2025-12-29T11:08:10.316736", "matrix4x4": [[0.5678754081325386, 0.5362052217867865, 0.6245009855611803, 0.1892003367971153], [0.10532336109147668, 0.705132431013452, -0.7012098433004584, 0.020908480079311724], [-0.8163482776650521, 0.46397436875504455, 0.3439524308558681, 0.23747335136462788], [0.0, 0.0, 0.0, 1.0]], "joint_state": [0.04967737942934036, 1.0931147336959839, -0.8474240899085999, 0.7135900259017944, 0.07707074284553528, 0.8235058188438416], "gripper_q": 0.0}
{"image": "images/0014.png", "timestamp": "2025-12-29T11:08:13.357617", "matrix4x4": [[0.567841612505428, 0.17159745698561907, 0.8050529273677005, 0.19161877212944806], [0.08822011809633061, 0.9597089335675707, -0.2667882561014738, 0.019443693297219306], [-0.8183966726901478, 0.22251533786834715, 0.5298243204525728, 0.23692210477915593], [0.0, 0.0, 0.0, 1.0]], "joint_state": [0.05869247019290924, 1.1013127565383911, -0.8489875793457031, 0.7084335088729858, 0.054786719381809235, 0.3194279074668884], "gripper_q": 0.0}
{"image": "images/0015.png", "timestamp": "2025-12-29T11:08:15.180002", "matrix4x4": [[0.5678458345401881, 0.09555875698025018, 0.8175693439456658, 0.19162263474899324], [0.08811248504978172, 0.9804749655732946, -0.17579827036236398, 0.019429723341856324], [-0.8184053385540133, 0.17186438214021055, 0.5483387055259318, 0.23692111433585272], [0.0, 0.0, 0.0, 1.0]], "joint_state": [0.05871017277240753, 1.1013245582580566, -0.8489934802055359, 0.7084335088729858, 0.054668720811605453, 0.22571347653865814], "gripper_q": 0.0}
{"image": "images/0016.png", "timestamp": "2025-12-29T11:08:19.389082", "matrix4x4": [[0.5676125057301674, 0.6983796084839952, 0.4359839054282419, 0.1917966757688759], [0.11803832592126026, 0.45505553062730103, -0.8826049046199618, 0.022015854808658808], [-0.8147901551641545, 0.5524403918064348, 0.17585965014273738, 0.23753201180495756], [0.0, 0.0, 0.0, 1.0]], "joint_state": [0.04109888896346092, 1.101318597793579, -0.8489462733268738, 0.7063567042350769, 0.09475871920585632, 1.1286323070526123], "gripper_q": 0.0}
{"image": "images/0017.png", "timestamp": "2025-12-29T11:08:26.053435", "matrix4x4": [[0.5722316631580318, 0.7460625197084764, 0.3405020416467901, 0.142303873313327], [0.09841341351053581, 0.3497286946852106, -0.931667666153003, 0.15067820434671012], [-0.8141656611038061, 0.566639706339062, 0.12670327335702297, 0.23868222634019953], [0.0, 0.0, 0.0, 1.0]], "joint_state": [1.1743625402450562, 1.2733516693115234, -0.9616466760635376, 0.8934198617935181, -0.5119189620018005, 2.2581558227539062], "gripper_q": 0.0}
{"image": "images/0018.png", "timestamp": "2025-12-29T11:08:36.308864", "matrix4x4": [[0.5714504267382361, 0.8190733805957229, 0.050628124399211716, 0.19535731473231266], [0.10879506532676628, -0.014465992998012378, -0.9939589371835871, 0.24017683093811426], [-0.813392920759231, 0.5735063489152283, -0.09737773982123356, 0.23983080007326663], [0.0, 0.0, 0.0, 1.0]], "joint_state": [1.113870620727539, 1.5659701824188232, -1.185643196105957, 0.78437739610672, -0.48343995213508606, 2.563293933868408], "gripper_q": 0.0}
{"image": "images/0019.png", "timestamp": "2025-12-29T11:08:56.164962", "matrix4x4": [[0.5599998237175821, 0.8267279452553189, 0.05404721981929733, 0.2853341932027338], [0.09401464090161502, 0.0014026366786333844, -0.9955698267356681, -0.22733678497747628], [-0.8231412058282692, 0.5626001574335596, -0.07693905460373426, 0.2359370937003458], [0.0, 0.0, 0.0, 1.0]], "joint_state": [-0.874481201171875, 1.7643139362335205, -1.410241723060608, 0.8811833262443542, 0.512019157409668, 0.7545002698898315], "gripper_q": 0.0}
{"image": "images/0020.png", "timestamp": "2025-12-29T11:09:01.637359", "matrix4x4": [[0.5625310427900747, 0.8249023882024302, 0.05563160824062269, 0.19200572611033895], [0.09941237477710238, -0.0006867878737629174, -0.9950460833868918, -0.17778348245856973], [-0.8207776834433841, 0.5652747811996776, -0.08239184486931024, 0.31247044447584704], [0.0, 0.0, 0.0, 1.0]], "joint_state": [-1.0594735145568848, 1.5292696952819824, -1.4970827102661133, 1.3127864599227905, 0.5695198774337769, 0.5475013852119446], "gripper_q": 0.0}
{"image": "images/0021.png", "timestamp": "2025-12-29T11:09:03.813148", "matrix4x4": [[0.5605201031553576, 0.826239830201571, 0.056079915720214035, 0.1918271524629303], [0.09552334221502634, 0.002760100185255243, -0.995423363669468, -0.03593529477630865], [-0.8226132171627066, 0.5633117474679952, -0.07737809841147156, 0.3113770898584214], [0.0, 0.0, 0.0, 1.0]], "joint_state": [-0.43431127071380615, 1.1884487867355347, -1.2333029508590698, 1.0981353521347046, 0.32838401198387146, 1.1918500661849976], "gripper_q": 0.0}
{"image": "images/0022.png", "timestamp": "2025-12-29T11:09:17.965195", "matrix4x4": [[0.4959764624783689, 0.6561835634660738, 0.5687094862092671, 0.19740319773099646], [0.2758821138901243, 0.5019283111942564, -0.8197298516323523, 0.26187166803824696], [-0.8233446470968036, 0.5634634872453113, 0.06791531961489419, -0.005324376149421384], [0.0, 0.0, 0.0, 1.0]], "joint_state": [1.060977816581726, 2.1265339851379395, -0.4461051821708679, -0.6400241255760193, -0.30287858843803406, 1.9213523864746094], "gripper_q": 0.0}
{"image": "images/0023.png", "timestamp": "2025-12-29T11:09:46.693051", "matrix4x4": [[0.4970537230823606, -0.46109828367361516, 0.7350686832964728, 0.2636566143313648], [0.28263581538999116, 0.8869621148063176, 0.36526045879226965, -0.024218113496030924], [-0.8203990445074877, 0.026202665733677, 0.5711907107785018, 0.1064670531345023], [0.0, 0.0, 0.0, 1.0]], "joint_state": [-0.33697429299354553, 1.609980821609497, -0.560115396976471, 0.0915372222661972, 0.445692241191864, -0.7094130516052246], "gripper_q": 0.0}
{"image": "images/0024.png", "timestamp": "2025-12-29T11:09:54.092178", "matrix4x4": [[0.4978921776083942, -0.5960965222441439, 0.6298986550587389, 0.2548177550150752], [0.2810572202294618, 0.7980353532435194, 0.5330538565008034, -0.06891938403291856], [-0.8204329457263763, -0.08836578037865181, 0.5648727913652885, 0.1721216929095402], [0.0, 0.0, 0.0, 1.0]], "joint_state": [-0.5506755113601685, 1.524712085723877, -0.8470170497894287, 0.5672482848167419, 0.5236420035362244, -1.1317120790481567], "gripper_q": 0.0}
{"image": "images/0025.png", "timestamp": "2025-12-29T11:10:14.475123", "matrix4x4": [[0.5621857736322247, -0.48293365812220307, 0.6713585016801709, 0.38320722511719413], [0.061104154335403504, 0.833826060769446, 0.548635017752844, -0.35119943646177904], [-0.8247505309173753, -0.26741200839606155, 0.4982744018280415, 0.2039721494253007], [0.0, 0.0, 0.0, 1.0]], "joint_state": [-0.8775904178619385, 2.2463879585266113, -2.061145305633545, 1.023642897605896, 0.4909682869911194, -1.3868012428283691], "gripper_q": 0.0}
{"image": "images/0026.png", "timestamp": "2025-12-29T11:10:24.083164", "matrix4x4": [[0.5495193742958677, -0.6336588503981653, 0.5445226520408071, 0.3780621789654722], [0.1684028571576339, 0.722377509244292, 0.6706796641013939, -0.4273458696455592], [-0.8183330220482514, -0.2768522989792367, 0.5036703977556035, 0.01690533234626404], [0.0, 0.0, 0.0, 1.0]], "joint_state": [-0.9913705587387085, 2.657365322113037, -2.13792085647583, 0.858303427696228, 0.584800660610199, -1.7330503463745117], "gripper_q": 0.0}
{"image": "images/0027.png", "timestamp": "2025-12-29T11:10:31.388629", "matrix4x4": [[0.5263005509201262, -0.5662503451501125, 0.6343250560387395, 0.351717535456586], [0.2345435424647151, 0.8137380901834748, 0.5318079044849309, -0.4274342608569441], [-0.8173108691246398, -0.1311139473966421, 0.5610811670416291, -0.09032132431396922], [0.0, 0.0, 0.0, 1.0]], "joint_state": [-1.0371835231781006, 2.834660768508911, -2.079812526702881, 0.7356557846069336, 0.6094682812690735, -1.660705327987671], "gripper_q": 0.0}
{"image": "images/0028.png", "timestamp": "2025-12-29T11:10:49.146938", "matrix4x4": [[0.5750101813371571, -0.19325687682924286, 0.7949937552690689, 0.4141227374998063], [-0.024765372552039866, 0.9671445604094574, 0.25301793531834016, -0.42511445001818055], [-0.8177713419293733, -0.16517620539473565, 0.5513318905073673, -0.0905419305769666], [0.0, 0.0, 0.0, 1.0]], "joint_state": [-0.90892493724823, 2.7672600746154785, -1.8617807626724243, 0.23745416104793549, 0.4537869691848755, -1.056735873222351], "gripper_q": 0.0}
{"image": "images/0029.png", "timestamp": "2025-12-29T11:10:56.236104", "matrix4x4": [[0.5656314667087806, -0.5446501936164438, 0.6192069205543844, 0.4103745089229013], [-0.021283556721825858, 0.7409733027303119, 0.6711971207135815, -0.41967609197808065], [-0.8243834387480999, -0.39282913745609993, 0.40752572272600673, 0.14240185430068464], [0.0, 0.0, 0.0, 1.0]], "joint_state": [-0.9067124724388123, 2.4766268730163574, -2.2649877071380615, 0.941958487033844, 0.44704920053482056, -1.5399751663208008], "gripper_q": 0.0}
{"image": "images/0030.png", "timestamp": "2025-12-29T11:10:59.708393", "matrix4x4": [[0.5589582219539909, -0.6548344397538933, 0.5086821823321881, 0.40986213026385604], [-0.016307473917683335, 0.6046645608519381, 0.7963132770110998, -0.41923183764966443], [-0.8290354470132485, -0.45340117485725273, 0.3273035322657025, 0.1855677148007749], [0.0, 0.0, 0.0, 1.0]], "joint_state": [-0.9063407778739929, 2.5363988876342773, -2.6008174419403076, 1.2280752658843994, 0.4444768726825714, -1.7294807434082031], "gripper_q": 0.0}
{"image": "images/0031.png", "timestamp": "2025-12-29T11:11:14.811895", "matrix4x4": [[0.5808586850109103, -0.6702653031737719, 0.4618956715631437, 0.4519660515028549], [-0.02889569806912684, 0.5501002844358039, 0.8345985356425838, -0.3758693008145918], [-0.8134913808274147, -0.4981306057903078, 0.30016274401478776, 0.20612087674461196], [0.0, 0.0, 0.0, 1.0]], "joint_state": [-0.7938882112503052, 2.467818260192871, -2.5166313648223877, 1.1354405879974365, 0.40491783618927, -1.6713783740997314], "gripper_q": 0.0}
{"image": "images/0032.png", "timestamp": "2025-12-29T11:12:26.787477", "matrix4x4": [[0.5668508485734134, -0.3072846160654326, 0.7643665875750462, 0.29743376519568], [-0.03625566055008439, 0.9176275058010133, 0.3957843954421251, -0.019228054730165693], [-0.8230222612722442, -0.2520633359434312, 0.5090171236052778, 0.1970375481344289], [0.0, 0.0, 0.0, 1.0]], "joint_state": [-0.06482838839292526, 1.458158016204834, -0.8685576319694519, 0.3771113157272339, 0.0005427910946309566, -0.4605836570262909], "gripper_q": 0.0}
{"image": "images/0033.png", "timestamp": "2025-12-29T11:12:33.203629", "matrix4x4": [[0.5669130185722527, -0.5258951447053509, 0.6340693385968403, 0.29577034125229174], [0.008921046038069425, 0.7735835072739774, 0.6336315745062573, -0.11345460858789656], [-0.8237293513714823, -0.353557426805081, 0.44324609602351434, 0.14297456941927217], [0.0, 0.0, 0.0, 1.0]], "joint_state": [-0.4978593587875366, 1.6231553554534912, -0.7680701017379761, 0.1756524294614792, 0.2822996973991394, -1.1082834005355835], "gripper_q": 0.0}
{"image": "images/0034.png", "timestamp": "2025-12-29T11:12:38.010366", "matrix4x4": [[0.5730363127081161, -0.6315280546467439, 0.5223042221847201, 0.1815658718273683], [0.0164414351417424, 0.6460524134168087, 0.7631159533968588, -0.14182115080428548], [-0.819365036798841, -0.42870572110996635, 0.38059472035121256, 0.1655539959568738], [0.0, 0.0, 0.0, 1.0]], "joint_state": [-0.9833407402038574, 1.4130029678344727, -0.7185283899307251, 0.5211344361305237, 0.5076001882553101, -1.7637534141540527], "gripper_q": 0.0}
{"image": "images/0035.png", "timestamp": "2025-12-29T11:12:52.915065", "matrix4x4": [[0.5700510802888294, -0.6758711630048216, 0.46716157470413633, 0.19352344099665122], [0.019832760530681948, 0.5797472675050201, 0.8145549505283209, -0.13671992092444965], [-0.8213698481629766, -0.45507282586304004, 0.3438899470612018, 0.1645898654961845], [0.0, 0.0, 0.0, 1.0]], "joint_state": [-0.9105002284049988, 1.419823169708252, -0.7164162397384644, 0.4811978340148926, 0.48069649934768677, -1.773175597190857], "gripper_q": 0.0}
{"image": "images/0036.png", "timestamp": "2025-12-29T11:12:58.051587", "matrix4x4": [[0.573536643390097, -0.491481506742381, 0.6553637518348566, 0.2342725432805401], [0.028638326722247087, 0.8115649377199377, 0.5835599353161451, -0.13601651890945166], [-0.8186791587254256, -0.3159244852711997, 0.47953743824101674, 0.1652182745411635], [0.0, 0.0, 0.0, 1.0]], "joint_state": [-0.7562997937202454, 1.4935752153396606, -0.7674623727798462, 0.39264583587646484, 0.4272962808609009, -1.2890394926071167], "gripper_q": 0.0}
{"image": "images/0037.png", "timestamp": "2025-12-29T11:13:19.170973", "matrix4x4": [[0.5711547238438907, -0.42458916176021455, 0.7025000534850994, 0.3437598103597491], [0.04913748253865324, 0.8719787956191871, 0.48707133748587134, -0.30649483976663666], [-0.8193703614609043, -0.2436740111424902, 0.5188980507316991, 0.18596729911810003], [0.0, 0.0, 0.0, 1.0]], "joint_state": [-0.8816850185394287, 2.04356050491333, -1.6010925769805908, 0.7504586577415466, 0.4916349947452545, -1.3106627464294434], "gripper_q": 0.0}
{"image": "images/0038.png", "timestamp": "2025-12-29T11:13:26.619046", "matrix4x4": [[0.5667420807111888, -0.2749927037080652, 0.7766482001900735, 0.1582370881704312], [0.05346865626403102, 0.9529430079590189, 0.2983969275634984, -0.26035146974928713], [-0.8221584499039531, -0.12758775995112165, 0.5547763934795563, 0.2500045023526755], [0.0, 0.0, 0.0, 1.0]], "joint_state": [-1.3028157949447632, 1.6990431547164917, -1.4057812690734863, 1.158290982246399, 0.5951963663101196, -1.586319088935852], "gripper_q": 0.0}
{"image": "images/0039.png", "timestamp": "2025-12-29T11:13:29.394414", "matrix4x4": [[0.5674001927985328, -0.3967690756100628, 0.7215478652533898, 0.15799682584963665], [0.04997337020257338, 0.8912349684522369, 0.45078031598389084, -0.2595664416850243], [-0.8219243782020242, -0.21971465960985903, 0.5255147808289881, 0.24400519285039707], [0.0, 0.0, 0.0, 1.0]], "joint_state": [-1.3027451038360596, 1.695214033126831, -1.3742226362228394, 1.1262308359146118, 0.594836413860321, -1.7486791610717773], "gripper_q": 0.0}
{"image": "images/0040.png", "timestamp": "2025-12-29T11:13:30.994215", "matrix4x4": [[0.5674241886969085, -0.4817133565800194, 0.6678188617986663, 0.1579993205008824], [0.04992309701741379, 0.8296587533370324, 0.556034205238698, -0.2595699901688242], [-0.8219108677136743, -0.2821676719676648, 0.4948170676426825, 0.24401489284808203], [0.0, 0.0, 0.0, 1.0]], "joint_state": [-1.3027451038360596, 1.6951875686645508, -1.3742226362228394, 1.1261895895004272, 0.5948482751846313, -1.8708136081695557], "gripper_q": 0.0}
{"image": "images/0041.png", "timestamp": "2025-12-29T11:13:38.026558", "matrix4x4": [[0.5685448332127654, -0.5081253809568594, 0.6469662818528605, 0.15773691514624955], [0.046622795935782335, 0.8050777481543326, 0.5913341985086595, -0.2987137123315741], [-0.8213300722159141, -0.3060366263279525, 0.4814130199938571, 0.27697561260214276], [0.0, 0.0, 0.0, 1.0]], "joint_state": [-1.3366460800170898, 1.8103423118591309, -1.6685757637023926, 1.3240258693695068, 0.5990371704101562, -1.9522738456726074], "gripper_q": 0.0}
{"image": "images/0042.png", "timestamp": "2025-12-29T11:13:49.346044", "matrix4x4": [[0.570453467817212, -0.14346869092926384, 0.8087024024808883, 0.15781662404740943], [-0.011181160367600723, 0.9831777493374119, 0.18230878986120092, -0.29783949369575624], [-0.8212538113812022, -0.11304091264168423, 0.5592530101492382, 0.2704286126379172], [0.0, 0.0, 0.0, 1.0]], "joint_state": [-1.330073595046997, 1.7657830715179443, -1.5766550302505493, 1.2047175168991089, 0.5839687585830688, -1.4566032886505127], "gripper_q": 0.0}
