{
  "image_dir": "camCalibration/data_20251224_handineye/images",
  "square_size_m": 0.02,
  "camera_matrix": [
    [
      610.4429931640625,
      0.0,
      319.2130126953125
    ],
    [
      0.0,
      610.4000244140625,
      236.0500030517578
    ],
    [
      0.0,
      0.0,
      1.0
    ]
  ],
  "dist_coeffs": [
    0.0,
    0.0,
    0.0,
    0.0,
    0.0
  ],
  "detections": [
    {
      "image": "0000.png",
      "marker_id": -1,
      "rvec": [
        0.06842243307013557,
        -0.016946602912468557,
        -3.1401343780559974
      ],
      "tvec_m": [
        0.10113623064124277,
        0.11211858556320142,
        0.40740396300677606
      ],
      "rotation_matrix": [
        [
          -0.999050677989086,
          0.00043195883048353413,
          -0.0435609483495973
        ],
        [
          -0.0009020973665434185,
          -0.9999415563798143,
          0.010773580883621887
        ],
        [
          -0.04355374874667842,
          0.01080264950294301,
          0.9989926795196389
        ]
      ],
      "reproj_rmse_px": 0.2846877317554426,
      "per_corner_errors_px": [
        0.6970372760615874,
        0.3173680727538274,
        0.11640969578125021,
        0.1390979210842367,
        0.14207767328082493,
        0.25582598210074003,
        0.27498567893575154,
        0.01869971207323731,
        0.1858997263009106,
        0.5723673492114412,
        0.9025799040758394,
        0.42760906101507873,
        0.19172698844749284,
        0.2835028440040017,
        0.33271872522538287,
        0.43036305689455834,
        0.4612640679982368,
        0.27495235252840444,
        0.33322149105666765,
        0.04697795867263364,
        0.13846651526438872,
        0.531145407318248,
        0.3035821427156894,
        0.22479070080539004,
        0.35857921467159676,
        0.2699708354578526,
        0.37260944016758674,
        0.417435584294021,
        0.39066490889554223,
        0.18919375187831125,
        0.31709686028886636,
        0.23375901658645973,
        0.3480301933673549,
        0.15839088573193405,
        0.3065435363829004,
        0.4094348480605874,
        0.1988588228975692,
        0.177975310442477,
        0.22070210287461645,
        0.25573756755291666,
        0.28567901582492267,
        0.3973233479373989,
        0.2770548351615305,
        0.1545011252039549,
        0.18604685685674732,
        0.23458723029406997,
        0.35319300767054984,
        0.14187691110937195,
        0.014874308342895687,
        0.09738726287438895,
        0.05854510093155524,
        0.10180248368441751,
        0.37583188656528366,
        0.20025383013592674,
        0.24991652464524838,
        0.19533837528877546,
        0.13125919954127638,
        0.20873768604873386,
        0.05857214596598161,
        0.10697719213490348,
        0.10306397584980809,
        0.1137865826417445,
        0.12884459685829674,
        0.3257605215088645,
        0.20771134896559756,
        0.1664201313929841,
        0.31822754124580643,
        0.05654593843681631,
        0.14164746078853854,
        0.023608912470480276,
        0.14444923487077427,
        0.13078908720901855,
        0.1348695109246251,
        0.1976777362938395,
        0.2408960596296399,
        0.15648726556342002,
        0.19760559983941875,
        0.6406778943045529,
        0.2582477754687655,
        0.08106716387126828,
        0.16794075247815285,
        0.19649595499323835,
        0.12307741822839,
        0.07157687927525154,
        0.019376312320029846,
        0.16758457946346564,
        0.12078238895422222,
        0.39089503696396716
      ],
      "transform_matrix": [
        [
          -0.999050677989086,
          0.00043195883048353413,
          -0.0435609483495973,
          0.10113623064124277
        ],
        [
          -0.0009020973665434185,
          -0.9999415563798143,
          0.010773580883621887,
          0.11211858556320142
        ],
        [
          -0.04355374874667842,
          0.01080264950294301,
          0.9989926795196389,
          0.40740396300677606
        ],
        [
          0.0,
          0.0,
          0.0,
          1.0
        ]
      ]
    },
    {
      "image": "0001.png",
      "marker_id": -1,
      "rvec": [
        0.024724039449564153,
        -0.005256641255046515,
        -3.1380516328712753
      ],
      "tvec_m": [
        0.1573058595077535,
        0.09990580924086345,
        0.4611577068982144
      ],
      "rotation_matrix": [
        [
          -0.9998699437443647,
          0.003412709354703022,
          -0.015762265430496098
        ],
        [
          -0.003465497709529213,
          -0.9999884741487108,
          0.0033229347508230162
        ],
        [
          -0.015750743546459566,
          0.003377126677117979,
          0.9998702461285366
        ]
      ],
      "reproj_rmse_px": 0.22977838656064795,
      "per_corner_errors_px": [
        0.3362057623043794,
        0.29060041571324896,
        0.25356743408638677,
        0.17079296703837188,
        0.22958765562592587,
        0.09165925282792639,
        0.2320696655970776,
        0.1905902776040449,
        0.2369998299836911,
        0.31823855960355285,
        0.495776923385399,
        0.17533390694758708,
        0.07197591602913193,
        0.2047213983026865,
        0.20101128133934237,
        0.33722991768027266,
        0.1683142161516548,
        0.19623081117614571,
        0.14340002206458552,
        0.05108563143135844,
        0.19537789033025454,
        0.2287593883595954,
        0.2068256515281185,
        0.11799989014441228,
        0.28069461116255523,
        0.2289801988085293,
        0.4045083294908446,
        0.24033534696933154,
        0.14186470410155638,
        0.11693812498473113,
        0.06387074288887391,
        0.29214636432657837,
        0.32647424015448295,
        0.01758116798815744,
        0.11936951409465094,
        0.36475589917793033,
        0.2558823012314265,
        0.3728314538149019,
        0.1180649592606035,
        0.07257320961862718,
        0.044395234426728526,
        0.27747717812400574,
        0.21004594820789896,
        0.1713016343964669,
        0.03757288693514457,
        0.0705797878356859,
        0.35426615993006555,
        0.22041785708412573,
        0.34304617892407435,
        0.19484451656112653,
        0.18507328287966,
        0.08352225379639397,
        0.30646352759688095,
        0.12913586072078892,
        0.017185132338751463,
        0.1623705568534104,
        0.15639259181189474,
        0.3370242418459164,
        0.2099327269240401,
        0.20344425885684667,
        0.1463396854033793,
        0.17347711935758678,
        0.08616884097687226,
        0.2615273964310416,
        0.13706738449315536,
        0.10417624717078655,
        0.37144894811418694,
        0.06498866651580097,
        0.19726353084500806,
        0.22042562477521788,
        0.10830343328550801,
        0.15911332808928633,
        0.13132635451809355,
        0.13871007903988694,
        0.23647922064844965,
        0.09178818549349405,
        0.14602913791682867,
        0.6625515132980699,
        0.3016738722727189,
        0.24018114249222924,
        0.19997418248344748,
        0.09532292459464672,
        0.04620109933042364,
        0.12680043592457965,
        0.27852926605630834,
        0.23268127862483892,
        0.2243617385811073,
        0.3231507330315966
      ],
      "transform_matrix": [
        [
          -0.9998699437443647,
          0.003412709354703022,
          -0.015762265430496098,
          0.1573058595077535
        ],
        [
          -0.003465497709529213,
          -0.9999884741487108,
          0.0033229347508230162,
          0.09990580924086345
        ],
        [
          -0.015750743546459566,
          0.003377126677117979,
          0.9998702461285366,
          0.4611577068982144
        ],
        [
          0.0,
          0.0,
          0.0,
          1.0
        ]
      ]
    },
    {
      "image": "0002.png",
      "marker_id": -1,
      "rvec": [
        -0.06467467084914164,
        0.011351408817212867,
        -3.130010839899071
      ],
      "tvec_m": [
        0.015493072527138824,
        0.023880139854529917,
        0.4801890750738884
      ],
      "rotation_matrix": [
        [
          -0.9990871719208126,
          0.010740713176591171,
          0.0413456162577216
        ],
        [
          -0.011040317671567539,
          -0.9999143778579731,
          -0.007024837265968767
        ],
        [
          0.0412666243953082,
          -0.007474893535072642,
          0.9991202088225702
        ]
      ],
      "reproj_rmse_px": 0.24141015377353547,
      "per_corner_errors_px": [
        0.3334881774233438,
        0.22777795948894808,
        0.3344608585690746,
        0.28949172262967804,
        0.1948808884316314,
        0.07780706009518214,
        0.18259787371473962,
        0.2009836398788377,
        0.1095050319799218,
        0.317667114945787,
        0.5800805820689189,
        0.2847479756028469,
        0.2689770146394923,
        0.116166119762306,
        0.1486266290389119,
        0.16954398590226216,
        0.2100140733611978,
        0.3143095474309429,
        0.24754926203124322,
        0.03189774713644118,
        0.20626001929236132,
        0.3956739515045398,
        0.11306769047821877,
        0.3092376685036155,
        0.20987507741348033,
        0.06859433790979103,
        0.08832196556969281,
        0.2142653614735367,
        0.3417106763459351,
        0.18770019562658158,
        0.06911978830620914,
        0.1495460736234541,
        0.19372757997522708,
        0.2167708627874699,
        0.1670650791130935,
        0.1441164877022331,
        0.09508630861913185,
        0.1439912099624589,
        0.2679234262117319,
        0.39387318642338826,
        0.2876398194995562,
        0.20369919742483106,
        0.0997170072000244,
        0.14122239487107816,
        0.32753738303060914,
        0.15639302005792607,
        0.05123079257995,
        0.19150523708261785,
        0.33207836531476237,
        0.4165212222736493,
        0.4473772856872333,
        0.3917513119869338,
        0.23062289300164196,
        0.03050110775829114,
        0.09063688185471462,
        0.15070284466421152,
        0.27503824353897194,
        0.09753416600495549,
        0.18725365186310278,
        0.2985077331266679,
        0.33246585457949407,
        0.3119650699358891,
        0.26737077337603915,
        0.0865034311845282,
        0.038103324042253583,
        0.15785026460764054,
        0.2566304194253961,
        0.18157420291222845,
        0.22362449454561625,
        0.06134949321482722,
        0.15766522144787573,
        0.14837906503845671,
        0.2006865593719773,
        0.11354954378052544,
        0.04191063531593071,
        0.16789485072621144,
        0.15701872215493876,
        0.5990057775603534,
        0.370316416529711,
        0.2749415702518562,
        0.09430374201970271,
        0.16123661664517072,
        0.16238116796454177,
        0.20884607053166465,
        0.19887903697854123,
        0.3138989781233674,
        0.2630853434580934,
        0.19896184313674892
      ],
      "transform_matrix": [
        [
          -0.9990871719208126,
          0.010740713176591171,
          0.0413456162577216,
          0.015493072527138824
        ],
        [
          -0.011040317671567539,
          -0.9999143778579731,
          -0.007024837265968767,
          0.023880139854529917
        ],
        [
          0.0412666243953082,
          -0.007474893535072642,
          0.9991202088225702,
          0.4801890750738884
        ],
        [
          0.0,
          0.0,
          0.0,
          1.0
        ]
      ]
    },
    {
      "image": "0003.png",
      "marker_id": -1,
      "rvec": [
        0.27006336216427623,
        0.058563968689304864,
        2.357219792777067
      ],
      "tvec_m": [
        0.16370790850776631,
        -0.032380036004459316,
        0.5820976730761325
      ],
      "rotation_matrix": [
        [
          -0.6968820598093377,
          -0.6853104284113375,
          0.21143559640364176
        ],
        [
          0.6949644814429919,
          -0.71809477789653,
          -0.036935883506511356
        ],
        [
          0.17714334378849203,
          0.12120027503435124,
          0.9766937744672228
        ]
      ],
      "reproj_rmse_px": 0.11739615576653512,
      "per_corner_errors_px": [
        0.44630836116445133,
        0.20002103446963043,
        0.02157410207092267,
        0.08872623735375251,
        0.13024124429810646,
        0.18245967542834218,
        0.11889071928729296,
        0.0910398963867485,
        0.1160358096756595,
        0.061610857895297924,
        0.034825627952097725,
        0.30816149169963075,
        0.09214015043172705,
        0.026673973929221786,
        0.12468040485570082,
        0.07990558296648811,
        0.10786359560923824,
        0.16215882672197618,
        0.10286575292351577,
        0.06311433334726599,
        0.08351233226277559,
        0.08774946087318938,
        0.22836029355906584,
        0.049376599639536715,
        0.09688737996140365,
        0.13899621945010682,
        0.14661525237440576,
        0.0408312085072677,
        0.03250142883074567,
        0.04597061015160719,
        0.08899758336449429,
        0.029311524909434377,
        0.041124960639417604,
        0.19456168601366242,
        0.02955087125681266,
        0.14306514807145798,
        0.06201211026500487,
        0.12028699179108558,
        0.01873828467622371,
        0.049433927318399296,
        0.0872435581987076,
        0.05040031541134682,
        0.07637835171846168,
        0.09238064004078599,
        0.07419543009268113,
        0.1374425886529592,
        0.15365957351754528,
        0.11876656453627008,
        0.07817735821183656,
        0.02328445618045424,
        0.055124870314467014,
        0.0270967159684876,
        0.06130882201299834,
        0.04704334508012074,
        0.027923537660453305,
        0.2012247843871241,
        0.06336944032997346,
        0.14895734156183754,
        0.1544234044638412,
        0.0824541901580336,
        0.06125066642362178,
        0.05233287176674813,
        0.09821964812235587,
        0.06483470873392641,
        0.06858754730839099,
        0.05197077099199814,
        0.1516789387155077,
        0.03143215413002006,
        0.13827002531197832,
        0.11807514602427964,
        0.12970032336064308,
        0.1203071474540447,
        0.0985241162485526,
        0.07083961877950261,
        0.07283533179720456,
        0.059459242613349804,
        0.01949519129810303,
        0.22173236048400918,
        0.022806619012599515,
        0.12559983593410476,
        0.07778776862018778,
        0.16892098045431267,
        0.09995101782680568,
        0.0651586168118787,
        0.0923935671565946,
        0.08264869832190719,
        0.041964171941530175,
        0.08857736183104721
      ],
      "transform_matrix": [
        [
          -0.6968820598093377,
          -0.6853104284113375,
          0.21143559640364176,
          0.16370790850776631
        ],
        [
          0.6949644814429919,
          -0.71809477789653,
          -0.036935883506511356,
          -0.032380036004459316
        ],
        [
          0.17714334378849203,
          0.12120027503435124,
          0.9766937744672228,
          0.5820976730761325
        ],
        [
          0.0,
          0.0,
          0.0,
          1.0
        ]
      ]
    },
    {
      "image": "0004.png",
      "marker_id": -1,
      "rvec": [
        0.04590468668006886,
        0.10663319756178538,
        2.203853367056944
      ],
      "tvec_m": [
        0.02697615997033496,
        0.013477346719881642,
        0.534127364098378
      ],
      "rotation_matrix": [
        [
          -0.5933832775162734,
          -0.8016952751161686,
          0.07197896790352079
        ],
        [
          0.8048994689639659,
          -0.5903514137913124,
          0.060183495213591454
        ],
        [
          -0.005755938287629832,
          0.09364771268434408,
          0.9955887580137789
        ]
      ],
      "reproj_rmse_px": 0.20330613213020068,
      "per_corner_errors_px": [
        0.2645411401442035,
        0.3563811015927407,
        0.297931675992167,
        0.18903980650697216,
        0.15738455381501126,
        0.0579678991699976,
        0.117473821557894,
        0.05848561860587634,
        0.06971714891824302,
        0.2944041249938171,
        0.4608915662265334,
        0.2923295292239024,
        0.212019002347129,
        0.21459375229135072,
        0.13996353839587172,
        0.0695982415628386,
        0.09402502986654884,
        0.17615787263409988,
        0.15845688402861932,
        0.05275490843591772,
        0.13796094838579215,
        0.34769128212124717,
        0.14058507849492108,
        0.22969892905830352,
        0.176962096770953,
        0.13226878932113356,
        0.068802860698751,
        0.1721326936369442,
        0.2068468326595578,
        0.23973115489726815,
        0.1978310291702022,
        0.08891236439590892,
        0.15817616902508203,
        0.19256558787040343,
        0.15838494668226444,
        0.10789632879104599,
        0.10588462964118993,
        0.06949850956140138,
        0.25687905280269585,
        0.23545035392392194,
        0.3147176237306386,
        0.14141793023199323,
        0.13643923544320452,
        0.1666055790910624,
        0.11059649325864379,
        0.1872283086055909,
        0.0811892466646959,
        0.07000954186429895,
        0.17955670235138263,
        0.287767811697317,
        0.3976755982831276,
        0.24118805664964682,
        0.24782833092668183,
        0.023616729788251786,
        0.11116420935333621,
        0.18580431332350295,
        0.07546622269391445,
        0.09865446588408672,
        0.12654324033718997,
        0.2215599181611816,
        0.28259196031677797,
        0.25057339291666686,
        0.25840377783121143,
        0.07624484628866629,
        0.1170584546625528,
        0.186811169423316,
        0.2765576111045524,
        0.15430973750077695,
        0.10585458709750308,
        0.10364607993963024,
        0.19392291140217172,
        0.23518367667359755,
        0.334549646858305,
        0.1206059518901295,
        0.11769810935780696,
        0.19341104057644412,
        0.13483765407031073,
        0.523872964111913,
        0.2717190113342733,
        0.1665106826099942,
        0.10911013775535576,
        0.10273282031613243,
        0.11921499688980244,
        0.12189621256429216,
        0.06626989939946727,
        0.20526209311591254,
        0.12678556690886497,
        0.3296723176918275
      ],
      "transform_matrix": [
        [
          -0.5933832775162734,
          -0.8016952751161686,
          0.07197896790352079,
          0.02697615997033496
        ],
        [
          0.8048994689639659,
          -0.5903514137913124,
          0.060183495213591454,
          0.013477346719881642
        ],
        [
          -0.005755938287629832,
          0.09364771268434408,
          0.9955887580137789,
          0.534127364098378
        ],
        [
          0.0,
          0.0,
          0.0,
          1.0
        ]
      ]
    },
    {
      "image": "0005.png",
      "marker_id": -1,
      "rvec": [
        0.09329005072685652,
        0.08407011963549768,
        2.212332534604446
      ],
      "tvec_m": [
        0.12100965468659555,
        -0.047651767949526636,
        0.41644095586072594
      ],
      "rotation_matrix": [
        [
          -0.5984382839074651,
          -0.7951991533250437,
          0.09762134451554058
        ],
        [
          0.8003145033916269,
          -0.5989715600341551,
          0.02701418018863582
        ],
        [
          0.036990755803331665,
          0.09429409748963205,
          0.9948569279869911
        ]
      ],
      "reproj_rmse_px": 0.20160258562294392,
      "per_corner_errors_px": [
        0.5672972368081363,
        0.1380161018929103,
        0.11926124426846438,
        0.16329052923874943,
        0.18136729915380856,
        0.23217735917546534,
        0.10954581224810458,
        0.033583647591646934,
        0.031574072816540795,
        0.21430031982571326,
        0.5074569784958575,
        0.19365725699485747,
        0.11372356935206993,
        0.28496047289311816,
        0.2174379801085346,
        0.2156675083957934,
        0.13411407934993708,
        0.1494697860075434,
        0.14291520356690382,
        0.09515857408769061,
        0.0334633060001987,
        0.28901507610746424,
        0.20033122818105462,
        0.15853870851131585,
        0.23516134584190415,
        0.15898797899672346,
        0.1577895195771979,
        0.07169218794690219,
        0.09081462928193132,
        0.1896525085865612,
        0.21693018002422326,
        0.09792492292565151,
        0.12446833649607161,
        0.04809859951406046,
        0.14084837283672005,
        0.2692937251458731,
        0.2027783215967438,
        0.07166158950190461,
        0.03645526244996356,
        0.14343023507532515,
        0.15153785669154798,
        0.12285057772837044,
        0.1261521469122141,
        0.04434857097573703,
        0.07602560907334466,
        0.16367403106875758,
        0.28188383654842025,
        0.22406472769699418,
        0.11626471876164084,
        0.017930691695211862,
        0.10847737510150615,
        0.10268611159225191,
        0.12016443245785094,
        0.12994160833888133,
        0.07049717414137611,
        0.19899760320200507,
        0.10551737783615694,
        0.25513444902667065,
        0.22364401188043379,
        0.2097032683412624,
        0.21230483364975988,
        0.15416767941009732,
        0.1373353862705119,
        0.15044739682109887,
        0.08012684454136566,
        0.17651676557982948,
        0.3483405313146763,
        0.03503101693067202,
        0.16174960130601193,
        0.1643389771485533,
        0.1659510245421694,
        0.16226210954054485,
        0.21146985106716193,
        0.18211624055700307,
        0.14403050077642965,
        0.0815219367394325,
        0.15721354636705206,
        0.681414234082147,
        0.2587102370657147,
        0.06377995950490825,
        0.196991172109301,
        0.1444760020020059,
        0.15664650482545228,
        0.08563950253728421,
        0.16780087101268548,
        0.03297534831711443,
        0.17679714848202033,
        0.510131616139505
      ],
      "transform_matrix": [
        [
          -0.5984382839074651,
          -0.7951991533250437,
          0.09762134451554058,
          0.12100965468659555
        ],
        [
          0.8003145033916269,
          -0.5989715600341551,
          0.02701418018863582,
          -0.047651767949526636
        ],
        [
          0.036990755803331665,
          0.09429409748963205,
          0.9948569279869911,
          0.41644095586072594
        ],
        [
          0.0,
          0.0,
          0.0,
          1.0
        ]
      ]
    },
    {
      "image": "0006.png",
      "marker_id": -1,
      "rvec": [
        0.08605325449985368,
        0.027093924280478014,
        1.5952367015698423
      ],
      "tvec_m": [
        0.021794568362595915,
        -0.11285885871443846,
        0.4518909117316077
      ],
      "rotation_matrix": [
        [
          -0.02400722764995212,
          -0.9971030883894061,
          0.07217398523617373
        ],
        [
          0.9989789323251779,
          -0.026690864621516628,
          -0.036451207335334065
        ],
        [
          0.038271997478718234,
          0.07122519828027102,
          0.9967257523205292
        ]
      ],
      "reproj_rmse_px": 0.23979097584440412,
      "per_corner_errors_px": [
        0.2903743840278937,
        0.2834914516572786,
        0.05441824105751963,
        0.09959407694257064,
        0.24119998373449178,
        0.11428277025025596,
        0.035951830972644885,
        0.21229676629362765,
        0.06696902852230506,
        0.17538835958488433,
        0.19819501313621626,
        0.2223580749289602,
        0.0976916772870308,
        0.08918164643362203,
        0.2105714471789837,
        0.07568394763138467,
        0.13962642232921377,
        0.2139512901632416,
        0.0758536114062935,
        0.1427559435520274,
        0.29982568460690634,
        0.12913561048280997,
        0.23466519712669687,
        0.13670393589492874,
        0.2689561948558965,
        0.24285126115248656,
        0.08372269656976428,
        0.07016904765192752,
        0.17441865222601516,
        0.12980936696116846,
        0.21157912229120146,
        0.09961848538991361,
        0.17071990399763431,
        0.1090712538105035,
        0.11077311231279315,
        0.32276551048262414,
        0.06314416627773806,
        0.2380461075850718,
        0.08597272257156219,
        0.13393251040697107,
        0.14555220235402305,
        0.21660937684139533,
        0.07519312536305074,
        0.22552718605080604,
        0.2658178541084944,
        0.07630486051308356,
        0.28048277078650335,
        0.3182656200702084,
        0.3200338188243862,
        0.2047265197095407,
        0.2844538497131588,
        0.25035763526808597,
        0.24549219237946476,
        0.08309213605397509,
        0.23035667929909906,
        0.29890001609647554,
        0.14583037268175497,
        0.2551093530251694,
        0.26336472264193583,
        0.3874873628938315,
        0.2745635325179311,
        0.4353843790540573,
        0.2833653521233398,
        0.2824394534926581,
        0.06820416063152086,
        0.301397683852323,
        0.5078896678580115,
        0.171681424322337,
        0.08234761262571065,
        0.26833249558019,
        0.4375946626449971,
        0.24140365389445126,
        0.3936350427347067,
        0.13730205415651459,
        0.17374865572076087,
        0.1665109559970095,
        0.30401456024827694,
        0.6534597066025015,
        0.37278121393762803,
        0.140189282709246,
        0.07992945572264881,
        0.2334866455882519,
        0.20475451582098014,
        0.14300981089500503,
        0.14063241725767367,
        0.09689653044414277,
        0.24682791184453196,
        0.6073026137377766
      ],
      "transform_matrix": [
        [
          -0.02400722764995212,
          -0.9971030883894061,
          0.07217398523617373,
          0.021794568362595915
        ],
        [
          0.9989789323251779,
          -0.026690864621516628,
          -0.036451207335334065,
          -0.11285885871443846
        ],
        [
          0.038271997478718234,
          0.07122519828027102,
          0.9967257523205292,
          0.4518909117316077
        ],
        [
          0.0,
          0.0,
          0.0,
          1.0
        ]
      ]
    },
    {
      "image": "0007.png",
      "marker_id": -1,
      "rvec": [
        0.14348864339245998,
        0.08179521408359684,
        1.9195909838641347
      ],
      "tvec_m": [
        0.20136280980123705,
        -0.09001164362507694,
        0.4546694783059392
      ],
      "rotation_matrix": [
        [
          -0.3409430641992217,
          -0.9296239376471921,
          0.13984692176724844
        ],
        [
          0.9381506287690832,
          -0.3459917006425608,
          -0.012772659341054482
        ],
        [
          0.0602596441627347,
          0.12684272797365295,
          0.9900907522270788
        ]
      ],
      "reproj_rmse_px": 0.2559451944728956,
      "per_corner_errors_px": [
        0.4351591585127098,
        0.13165679398484847,
        0.09410257141463939,
        0.12012578441027487,
        0.20385376573964992,
        0.20515895339626095,
        0.3310314934027996,
        0.2624406587248475,
        0.4015635247010361,
        0.47931202662144484,
        0.8164260152710577,
        0.1468509110533318,
        0.15835763817241932,
        0.06127711123865246,
        0.13049908364661383,
        0.12178218071936747,
        0.11522321067969714,
        0.187371081305712,
        0.21535031426816115,
        0.22587391385567157,
        0.3069343321729311,
        0.3623109862422227,
        0.2595325854692694,
        0.1626809775862723,
        0.18696799131046513,
        0.08392980359581925,
        0.1858741385464937,
        0.24054217656472934,
        0.19265392587181793,
        0.3287190505221712,
        0.2576255343776147,
        0.14390587989079912,
        0.22296802988680808,
        0.3256956293152355,
        0.2871419248839938,
        0.16555387106743374,
        0.13261952997080484,
        0.29120183023009577,
        0.24013387044175347,
        0.35079324028024444,
        0.2792313468812471,
        0.2844454833355482,
        0.2502692272225888,
        0.16403535977173508,
        0.45303539014416333,
        0.15317835710003888,
        0.16535659653669763,
        0.3318088687627517,
        0.29079089441811057,
        0.3596117955817089,
        0.19554838058761592,
        0.16431658180471986,
        0.15242538381405332,
        0.12667979938127077,
        0.0944775776945637,
        0.39655441248423356,
        0.16376867203227316,
        0.24621889849287362,
        0.257473303211342,
        0.3681494354557109,
        0.28444404438151977,
        0.22095559734437278,
        0.15745039967201924,
        0.12636009496811,
        0.061357953237632615,
        0.0708401237100148,
        0.5132142586119188,
        0.10944327253669392,
        0.11012834596566994,
        0.3600036874291156,
        0.2308166214473854,
        0.20141119255052753,
        0.11393745326688087,
        0.13808747826168283,
        0.03554732642524852,
        0.11075853338147454,
        0.16167412067609485,
        0.4480058959281126,
        0.23770585971512373,
        0.14959121656172988,
        0.19202350101048202,
        0.2529370005211612,
        0.19590643423882723,
        0.15341090861377876,
        0.13817590462373608,
        0.0769966465609432,
        0.14615095790176638,
        0.3364899253234139
      ],
      "transform_matrix": [
        [
          -0.3409430641992217,
          -0.9296239376471921,
          0.13984692176724844,
          0.20136280980123705
        ],
        [
          0.9381506287690832,
          -0.3459917006425608,
          -0.012772659341054482,
          -0.09001164362507694
        ],
        [
          0.0602596441627347,
          0.12684272797365295,
          0.9900907522270788,
          0.4546694783059392
        ],
        [
          0.0,
          0.0,
          0.0,
          1.0
        ]
      ]
    },
    {
      "image": "0008.png",
      "marker_id": -1,
      "rvec": [
        0.13008048149573198,
        0.09888392508373808,
        2.108999021113489
      ],
      "tvec_m": [
        0.19486574990051211,
        -0.007138429557461131,
        0.5143957532218217
      ],
      "rotation_matrix": [
        [
          -0.512269666646513,
          -0.8484549753681634,
          0.13305616636172843
        ],
        [
          0.8571824908081289,
          -0.5146929122301178,
          0.01814892702206715
        ],
        [
          0.05308451832542646,
          0.12335056089491338,
          0.9909423156980773
        ]
      ],
      "reproj_rmse_px": 0.18500341406090376,
      "per_corner_errors_px": [
        0.4508181745267964,
        0.23008595155993306,
        0.22197031513134205,
        0.055417169305039926,
        0.078037133961657,
        0.10223060067952429,
        0.1344876123849822,
        0.15350772024784845,
        0.2915148096907968,
        0.357600274986565,
        0.5855783331055616,
        0.30449406457996947,
        0.24464793600922968,
        0.09945775359886656,
        0.08550024250713555,
        0.16393438443516947,
        0.19689493875547398,
        0.2577525767362616,
        0.16233266250059922,
        0.20174991511085988,
        0.25480540653353884,
        0.28904397797393666,
        0.30548951381486944,
        0.11749758570606499,
        0.0813755614891988,
        0.14209326705330563,
        0.1746964039994447,
        0.26598907953820505,
        0.19728317670452464,
        0.27047923922321754,
        0.17298132469144584,
        0.08415130304138113,
        0.24099102376188203,
        0.18118585522414676,
        0.1472552581060828,
        0.22994122565926473,
        0.190767347086048,
        0.1893502701916161,
        0.14663496222488298,
        0.21001906003750884,
        0.18227857301899245,
        0.21927518990862915,
        0.1569393649258665,
        0.03801115100933209,
        0.2362494568172072,
        0.17779883069126773,
        0.1013425894290383,
        0.1480182883985064,
        0.0942107325534176,
        0.14166656348059628,
        0.1440519487687288,
        0.13649747887447225,
        0.22198625955960083,
        0.11954529588717135,
        0.13086206588383037,
        0.1765010227510221,
        0.14181215507768993,
        0.1898225677732202,
        0.0653115121202388,
        0.08708907216233151,
        0.08015432379983899,
        0.15109561875649336,
        0.07415822765639601,
        0.07103070394996783,
        0.07614429298521633,
        0.12549110527215157,
        0.14389989929201685,
        0.09279624980597105,
        0.10976304561305689,
        0.11773794556193048,
        0.051515349732498134,
        0.08816588305773837,
        0.05357040765291577,
        0.07715562168921954,
        0.07534583454127503,
        0.07783880321730982,
        0.19322789836279589,
        0.1222470467099716,
        0.08128929601214469,
        0.0818581791721946,
        0.03889365396307703,
        0.041254779146920544,
        0.014297309204639265,
        0.1436776605434653,
        0.0853074056437963,
        0.15495805452576408,
        0.17486203432979217,
        0.33198911833803596
      ],
      "transform_matrix": [
        [
          -0.512269666646513,
          -0.8484549753681634,
          0.13305616636172843,
          0.19486574990051211
        ],
        [
          0.8571824908081289,
          -0.5146929122301178,
          0.01814892702206715,
          -0.007138429557461131
        ],
        [
          0.05308451832542646,
          0.12335056089491338,
          0.9909423156980773,
          0.5143957532218217
        ],
        [
          0.0,
          0.0,
          0.0,
          1.0
        ]
      ]
    },
    {
      "image": "0009.png",
      "marker_id": -1,
      "rvec": [
        0.08206380133227922,
        -0.004345506841036001,
        2.658726094533771
      ],
      "tvec_m": [
        0.19646097568361015,
        0.05983344934136613,
        0.5263472297022304
      ],
      "rotation_matrix": [
        [
          -0.8844610898443382,
          -0.4630689278818235,
          0.05740861069337798
        ],
        [
          0.46287879340136695,
          -0.886251376637549,
          -0.017370090021178123
        ],
        [
          0.05892200922117306,
          0.011210059697774137,
          0.9981996450564952
        ]
      ],
      "reproj_rmse_px": 0.16263765896368693,
      "per_corner_errors_px": [
        0.24385693875394882,
        0.2795631275571695,
        0.03114545701186491,
        0.05178649965094142,
        0.10990939350977412,
        0.11947488514597103,
        0.07473648087485696,
        0.06587055854711234,
        0.05853903758488792,
        0.29988680432718856,
        0.46499387769191225,
        0.20349136874655754,
        0.045324815799996025,
        0.012754362933146754,
        0.16929556012531694,
        0.26964272421554286,
        0.18807578629002444,
        0.23302332449254065,
        0.22787608174013557,
        0.07133880265385167,
        0.07752010301175881,
        0.25864586330766054,
        0.12940155097303016,
        0.021654593234362626,
        0.21199923307468693,
        0.22906654733313467,
        0.24932155659954233,
        0.2930973004934114,
        0.17039283058255822,
        0.21347227278429134,
        0.09505403165631852,
        0.06167155684946664,
        0.12393199240401565,
        0.1554481462682826,
        0.107178686427646,
        0.17441882967817438,
        0.27766302382791885,
        0.15246189374427496,
        0.2532511958976407,
        0.10066952046895676,
        0.09697200357929757,
        0.18392129787726264,
        0.04595132730360197,
        0.09197145229054551,
        0.08850558305025716,
        0.045826470241186294,
        0.2730688911387756,
        0.1358633251260551,
        0.23560982757787782,
        0.06968056954322889,
        0.12653698463997562,
        0.06939500835726314,
        0.0412244803819869,
        0.1081482538702014,
        0.12323334150918643,
        0.223270699602467,
        0.029037353506456313,
        0.097098857857829,
        0.1826393952382705,
        0.024968466595585086,
        0.06529648646863508,
        0.061473374820227515,
        0.08904279027302897,
        0.14198324185393776,
        0.10579203795698607,
        0.11799727555731138,
        0.2342172661003388,
        0.14759687310566752,
        0.11839059602719391,
        0.032265432281691826,
        0.09164609717725762,
        0.09441291037862146,
        0.05081784766359512,
        0.09479603396640152,
        0.05522174961895297,
        0.06386080355205372,
        0.13019850067138886,
        0.39721779640435223,
        0.07892772898693963,
        0.15649015828225174,
        0.06779316673598332,
        0.11093586227818661,
        0.07197533825938096,
        0.17120820148797364,
        0.11481036765331819,
        0.1599624491123378,
        0.08362795124739182,
        0.13259339373595555
      ],
      "transform_matrix": [
        [
          -0.8844610898443382,
          -0.4630689278818235,
          0.05740861069337798,
          0.19646097568361015
        ],
        [
          0.46287879340136695,
          -0.886251376637549,
          -0.017370090021178123,
          0.05983344934136613
        ],
        [
          0.05892200922117306,
          0.011210059697774137,
          0.9981996450564952,
          0.5263472297022304
        ],
        [
          0.0,
          0.0,
          0.0,
          1.0
        ]
      ]
    },
    {
      "image": "0010.png",
      "marker_id": -1,
      "rvec": [
        0.11914836679685638,
        -0.10766677934377807,
        1.6072571429046814
      ],
      "tvec_m": [
        0.16740973926987937,
        -0.13765319924107766,
        0.5215343717226595
      ],
      "rotation_matrix": [
        [
          -0.03876574074943205,
          -0.9991975731407933,
          0.010071105882522233
        ],
        [
          0.9889268217713668,
          -0.03980824154479296,
          -0.14296518837218608
        ],
        [
          0.14325138228069928,
          0.00441743530349574,
          0.9896764762992039
        ]
      ],
      "reproj_rmse_px": 0.23368747469591844,
      "per_corner_errors_px": [
        0.35899667742079205,
        0.3159312448176058,
        0.24015974491231465,
        0.24746790132779775,
        0.2943063053725594,
        0.2157545281038949,
        0.08694782659448311,
        0.20462987271244198,
        0.10906345039687852,
        0.2812717880782965,
        0.47284176606870476,
        0.40231890067831655,
        0.28606532896126335,
        0.15339942918318958,
        0.23426699209666668,
        0.1968701395545341,
        0.2979324642136797,
        0.25951291595945575,
        0.1916429053906827,
        0.12106129328225317,
        0.1859532793427524,
        0.3058027445796386,
        0.3643540065466505,
