{"image": "images/0000.png", "timestamp": "2025-12-24T10:45:23.323935", "matrix4x4": [[0.9777605514532074, 0.012853672258221746, 0.20933009131846683, 0.38070801114783015], [-0.020313159105640674, 0.9992314583643159, 0.03352414327423075, 0.01963468768398826], [-0.20873830407730248, -0.0370307402653585, 0.9772702004493595, 0.35562575909910693], [0.0, 0.0, 0.0, 1.0]], "joint_state": [0.09622190147638321, 1.4197406768798828, -0.9491624236106873, -0.2588889002799988, -0.11440546810626984, -0.013345632702112198], "gripper_q": 0.0}
{"image": "images/0001.png", "timestamp": "2025-12-24T10:45:30.163677", "matrix4x4": [[0.9777730053139895, 0.009527856316358219, 0.20944968377456127, 0.3255868879541155], [-0.016834301650659245, 0.9993093006015907, 0.0331289604288137, 0.07458481846156453], [-0.20898936902910506, -0.035918542358705466, 0.9772580528947522, 0.3509425624587256], [0.0, 0.0, 0.0, 1.0]], "joint_state": [0.40527185797691345, 1.299243450164795, -0.8533830642700195, -0.21570146083831787, -0.41258183121681213, 0.056940190494060516], "gripper_q": 0.0}
{"image": "images/0002.png", "timestamp": "2025-12-24T10:45:38.397399", "matrix4x4": [[0.9751033521377859, -0.09444404779716548, 0.20063343311955711, 0.29846420593869327], [0.08557583712866074, 0.9949504928467481, 0.05244323487106679, -0.1086922670996299], [-0.20457328454463947, -0.0339682001245232, 0.978261689238068, 0.28177266960813907], [0.0, 0.0, 0.0, 1.0]], "joint_state": [-0.6710517406463623, 1.3831404447555542, -0.5882167816162109, -0.5145622491836548, 0.73872971534729, -0.22622087597846985], "gripper_q": 0.0}
{"image": "images/0003.png", "timestamp": "2025-12-24T10:45:53.987968", "matrix4x4": [[0.9759439524485005, -0.08114632638542763, 0.20235779054276262, 0.1719345670655076], [0.19793334015717118, 0.7189201116848057, -0.6663154402153173, 0.01738720820023068], [-0.0914100351899313, 0.6903398776901535, 0.7176872987153384, 0.3109862808737337], [0.0, 0.0, 0.0, 1.0]], "joint_state": [-0.4322521984577179, 0.7079882025718689, -0.4586012661457062, -0.13607606291770935, 0.6292861104011536, 0.6990999579429626], "gripper_q": 0.0}
{"image": "images/0004.png", "timestamp": "2025-12-24T10:46:29.165317", "matrix4x4": [[0.9930002827745443, 0.04906566067204285, 0.10743835140437849, 0.2400625293225618], [0.05403143241803532, 0.6201659532536768, -0.7826076889066536, -0.026190776811964585], [-0.10502877091792545, 0.7829347044088505, 0.6131738790193983, 0.2584232287223678], [0.0, 0.0, 0.0, 1.0]], "joint_state": [-0.3567390441894531, 1.128502607345581, -0.2152175009250641, -0.7985787987709045, 0.40868791937828064, 0.8606458902359009], "gripper_q": 0.0}
{"image": "images/0005.png", "timestamp": "2025-12-24T10:46:36.405011", "matrix4x4": [[0.9919934439744154, 0.047646780654839876, 0.11695636538901238, 0.35146014016901345], [0.06232852502658709, 0.6207381928877879, -0.7815364680284687, 0.08119884560716317], [-0.10983697956421004, 0.7825687702583289, 0.6127984642087301, 0.28370281318126167], [0.0, 0.0, 0.0, 1.0]], "joint_state": [0.33969414234161377, 1.494327425956726, -0.5430055856704712, -0.8369401097297668, -0.2752256393432617, 0.9376811981201172], "gripper_q": 0.0}
{"image": "images/0006.png", "timestamp": "2025-12-24T10:46:46.014032", "matrix4x4": [[0.9920351036968406, 0.10531432380874196, 0.0691031564684717, 0.314913296444574], [0.06397170215448617, 0.051351788985301156, -0.9966296278414899, 0.11647693847725174], [-0.10850794605307179, 0.9931122227466121, 0.044205640755757517, 0.2798310243079936], [0.0, 0.0, 0.0, 1.0]], "joint_state": [0.5698031187057495, 1.4484820365905762, -0.4866967499256134, -0.8376775979995728, -0.5021427273750305, 1.5862836837768555], "gripper_q": 0.0}
{"image": "images/0007.png", "timestamp": "2025-12-24T10:46:59.692917", "matrix4x4": [[0.9922428822995857, 0.06781769062514828, 0.10418648359591637, 0.3142605580993476], [0.07265524773852522, 0.3636888401114252, -0.9286827459118964, 0.13789305623019843], [-0.100872580525453, 0.9290485393221809, 0.3559403518589289, 0.3938654678473312], [0.0, 0.0, 0.0, 1.0]], "joint_state": [0.6526380777359009, 1.328102946281433, -0.9571332335472107, -0.2503812313079834, -0.5762104392051697, 1.2708500623703003], "gripper_q": 0.0}
{"image": "images/0008.png", "timestamp": "2025-12-24T10:47:08.493103", "matrix4x4": [[0.99006525839687, 0.056248398272579186, 0.1288677686906572, 0.2610002724524707], [0.07890772659654577, 0.5363125820667083, -0.8403227861960576, 0.07262489962356272], [-0.11638021652714098, 0.8421430591109267, 0.5265460219129818, 0.39876965058703845], [0.0, 0.0, 0.0, 1.0]], "joint_state": [0.4929388165473938, 1.0773590803146362, -0.8805404305458069, -0.0695543885231018, -0.41042834520339966, 1.0630309581756592], "gripper_q": 0.0}
{"image": "images/0009.png", "timestamp": "2025-12-24T10:47:16.342868", "matrix4x4": [[0.9741705170831869, 0.03681754371173296, 0.22279199294613639, 0.25949892505941813], [0.06562473964921245, 0.8978774716458799, -0.4353268191333672, 0.0707854455175746], [-0.21606757552175598, 0.4387032190283505, 0.8722696191100051, 0.406963184023091], [0.0, 0.0, 0.0, 1.0]], "joint_state": [0.4907263517379761, 1.095489501953125, -1.022763967514038, 0.1654042750597, -0.41284143924713135, 0.5630830526351929], "gripper_q": 0.0}
{"image": "images/0010.png", "timestamp": "2025-12-24T10:47:39.093688", "matrix4x4": [[0.9665940916307796, 0.20105049219526783, 0.15897975220923188, 0.2600321281384825], [0.14809066997673292, 0.06818728264726849, -0.98662031600359, 0.1037378342778481], [-0.2092008974414562, 0.977204786149363, 0.03613572244285862, 0.4783861984933212], [0.0, 0.0, 0.0, 1.0]], "joint_state": [0.6140289306640625, 1.1913633346557617, -1.3819457292556763, 0.4251721501350403, -0.45101398229599, 1.6376307010650635], "gripper_q": 0.0}
{"image": "images/0011.png", "timestamp": "2025-12-24T10:48:16.430250", "matrix4x4": [[0.97178672871585, 0.05751152114024574, 0.22874216670277844, 0.2029998711845129], [0.11602271155355443, 0.7278048507241464, -0.6758985350377404, 0.14053222710720925], [-0.20535161137791755, 0.6833685127356528, 0.7005984524004848, 0.4061533777029054], [0.0, 0.0, 0.0, 1.0]], "joint_state": [1.1308033466339111, 1.127546787261963, -1.0632435083389282, 0.3125365972518921, -0.9787682890892029, 1.090253233909607], "gripper_q": 0.0}
{"image": "images/0012.png", "timestamp": "2025-12-24T10:48:55.334494", "matrix4x4": [[0.9444210958490522, -0.2550779533449618, 0.20737413395267207, 0.3827423741311857], [0.24806490313456897, 0.9669083570872397, 0.059598933108671766, -0.042050147691475054], [-0.2157141570414705, -0.004844245266341501, 0.9764445379742196, 0.2906032490445888], [0.0, 0.0, 0.0, 1.0]], "joint_state": [-0.3159705400466919, 1.5470167398452759, -0.7668960094451904, -0.5230581164360046, 0.5577200055122375, -0.1432030200958252], "gripper_q": 0.0}
{"image": "images/0013.png", "timestamp": "2025-12-24T10:49:12.080536", "matrix4x4": [[0.9576359915591677, -0.23295600137046074, 0.16930684893404524, 0.3777789348726672], [0.18298448032836978, 0.9461919741902522, 0.26690340563003173, -0.16984571994331024], [-0.22237353176456534, -0.2246157817328041, 0.9487348222591576, 0.30193772960000065], [0.0, 0.0, 0.0, 1.0]], "joint_state": [-0.6982386112213135, 1.6723960638046265, -0.9921433925628662, -0.33375900983810425, 0.8568698763847351, -0.49887412786483765], "gripper_q": 0.0}
{"image": "images/0014.png", "timestamp": "2025-12-24T10:49:16.535204", "matrix4x4": [[0.9575779733091485, -0.28287161120511545, 0.055027962049903956, 0.3790157482774676], [0.18452901945210937, 0.7485610462436518, 0.6368715734170054, -0.1726611947060907], [-0.22134467694793739, -0.5996999346513481, 0.7690035906066903, 0.3858001556082455], [0.0, 0.0, 0.0, 1.0]], "joint_state": [-0.7031885981559753, 1.624181866645813, -1.3225451707839966, 0.04587177932262421, 0.8632771968841553, -0.930943489074707], "gripper_q": 0.0}
{"image": "images/0015.png", "timestamp": "2025-12-24T10:49:21.302919", "matrix4x4": [[0.9595233649633956, -0.27674635048314256, -0.052214649128226154, 0.39581302081448366], [0.18375142657631732, 0.4746935105478119, 0.860756344312932, -0.17147413610586382], [-0.21342522184711538, -0.835510340174229, 0.5063320512681907, 0.4594567943778356], [0.0, 0.0, 0.0, 1.0]], "joint_state": [-0.6668922901153564, 1.6810836791992188, -1.7043765783309937, 0.34503936767578125, 0.8299426436424255, -1.2671390771865845], "gripper_q": 0.0}
{"image": "images/0016.png", "timestamp": "2025-12-24T10:49:25.120840", "matrix4x4": [[0.960796174449029, -0.23484552451382942, -0.1473712685021597, 0.39439917559463755], [0.18280058872072774, 0.136933725502046, 0.9735672034243376, -0.170358316007192], [-0.2084578037096877, -0.9623391992618583, 0.17449529975497544, 0.5270502698240889], [0.0, 0.0, 0.0, 1.0]], "joint_state": [-0.666904091835022, 1.7765977382659912, -2.1558568477630615, 0.6932824850082397, 0.8300133943557739, -1.6266450881958008], "gripper_q": 0.0}
{"image": "images/0017.png", "timestamp": "2025-12-24T10:49:32.120234", "matrix4x4": [[0.9561540092230814, -0.20694607102678314, -0.2072265290285128, 0.39732524253082396], [0.2016823035440951, -0.047777029151005596, 0.9782850320446752, -0.13803884395244226], [-0.21235291164421313, -0.9771850792823649, -0.003944837657420569, 0.5129569997424149], [0.0, 0.0, 0.0, 1.0]], "joint_state": [-0.5835086107254028, 1.6976861953735352, -1.9756495952606201, 0.5778209567070007, 0.7685716152191162, -1.786527156829834], "gripper_q": 0.0}
{"image": "images/0018.png", "timestamp": "2025-12-24T10:49:37.520426", "matrix4x4": [[0.9552125782842258, -0.20356872263743753, -0.21477594244086967, 0.27130468318985557], [0.2103029405963462, -0.04361982813693671, 0.97666267655206, -0.11730969761961445], [-0.20818646321058304, -0.9780884856479326, 0.0011448924850969433, 0.5151697411776959], [0.0, 0.0, 0.0, 1.0]], "joint_state": [-0.8569937944412231, 1.4148731231689453, -1.749900460243225, 0.75483638048172, 1.0347055196762085, -1.9360253810882568], "gripper_q": 0.0}
{"image": "images/0019.png", "timestamp": "2025-12-24T10:49:42.199473", "matrix4x4": [[0.9516204141272399, -0.2734366538567615, -0.1401819665431973, 0.27586083412547724], [0.2212223239892805, 0.2930437144875783, 0.9301537855473708, -0.11981829243161639], [-0.2132586945122809, -0.9161647110246826, 0.3393566729680992, 0.4900860147890478], [0.0, 0.0, 0.0, 1.0]], "joint_state": [-0.8513829708099365, 1.3964831829071045, -1.6160606145858765, 0.6531394124031067, 1.0383635759353638, -1.5955761671066284], "gripper_q": 0.0}
{"image": "images/0020.png", "timestamp": "2025-12-24T10:49:48.255764", "matrix4x4": [[0.9532686955698458, -0.2659575568272444, -0.14333656900124114, 0.2742518355929776], [0.2193519178846916, 0.28300885360061195, 0.9336973411678832, -0.2106821172424293], [-0.20775834560101816, -0.921505597785575, 0.32812178087255583, 0.5015716889780764], [0.0, 0.0, 0.0, 1.0]], "joint_state": [-1.073810338973999, 1.6684314012527466, -1.9968125820159912, 0.9994120001792908, 1.2301169633865356, -1.8711379766464233], "gripper_q": 0.0}
{"image": "images/0021.png", "timestamp": "2025-12-24T10:49:58.145082", "matrix4x4": [[0.9532054452435781, -0.2899619832407785, -0.08556534013878803, 0.26830780236039686], [0.22095533967138425, 0.4749992215301896, 0.8517948564158023, -0.14565019835695484], [-0.20634465592472992, -0.8308416141604777, 0.5168404929477917, 0.5215548484493752], [0.0, 0.0, 0.0, 1.0]], "joint_state": [-0.9561066627502441, 1.5028321743011475, -1.8828612565994263, 0.8896674513816833, 1.1340898275375366, -1.4830881357192993], "gripper_q": 0.0}
{"image": "images/0022.png", "timestamp": "2025-12-24T10:50:11.519729", "matrix4x4": [[0.9659358188673045, -0.2587778848324962, 0.0014142668662631142, 0.24678903770823274], [0.19486467311721659, 0.730942429678588, 0.6540266995058247, -0.19736930504173794], [-0.17028139358153627, -0.6314722248976445, 0.7564701422942932, 0.523976140010018], [0.0, 0.0, 0.0, 1.0]], "joint_state": [-1.145110845565796, 1.6157479286193848, -2.024270534515381, 1.0641340017318726, 1.2877179384231567, -1.3316724300384521], "gripper_q": 0.0}
{"image": "images/0023.png", "timestamp": "2025-12-24T10:50:24.089408", "matrix4x4": [[0.9530215065116666, -0.19272443019835347, 0.23368205350636892, 0.24583208228804054], [0.1780532589735387, 0.9805530616324358, 0.08253926515397822, -0.19405899013417238], [-0.24504498586001597, -0.03705384363297241, 0.9688033688922061, 0.4515613368830392], [0.0, 0.0, 0.0, 1.0]], "joint_state": [-1.131629467010498, 1.5293052196502686, -1.6580681800842285, 0.916187584400177, 1.2176562547683716, -0.7938233017921448], "gripper_q": 0.0}
{"image": "images/0024.png", "timestamp": "2025-12-24T10:50:29.825379", "matrix4x4": [[0.9505973357722862, -0.21307559073446591, 0.22575096424110716, 0.306762663890272], [0.19895747518472168, 0.97641707947282, 0.08381891183909418, -0.22508113625281767], [-0.2382868613473099, -0.03476319241564804, 0.9705724559054417, 0.4489170806233139], [0.0, 0.0, 0.0, 1.0]], "joint_state": [-0.9962557554244995, 1.6626198291778564, -1.7315044403076172, 0.667169451713562, 1.1339600086212158, -0.5890722274780273], "gripper_q": 0.0}
{"image": "images/0025.png", "timestamp": "2025-12-24T10:50:39.489026", "matrix4x4": [[0.9540847989295769, -0.19778145646500106, 0.2249548664290051, 0.3284361668297767], [0.18329255674635075, 0.9794818814193748, 0.0837799654604116, -0.15959119406177677], [-0.2369093393956737, -0.03870063888031742, 0.9707606427216549, 0.28624790907217246], [0.0, 0.0, 0.0, 1.0]], "joint_state": [-0.7876814603805542, 1.5698612928390503, -0.8347746729850769, -0.3238176107406616, 0.9365012049674988, -0.3776837885379791], "gripper_q": 0.0}
{"image": "images/0026.png", "timestamp": "2025-12-24T10:50:43.023862", "matrix4x4": [[0.9626972516698746, -0.14009039212473462, 0.2314922971971376, 0.3272494754369219], [0.12668283466102348, 0.9893356426155869, 0.0718779914344522, -0.14223491436794627], [-0.23909299661327932, -0.03987064439837234, 0.9701777521082107, 0.2806715005471613], [0.0, 0.0, 0.0, 1.0]], "joint_state": [-0.7202866077423096, 1.5232017040252686, -0.7459158897399902, -0.4197680950164795, 0.8186324238777161, -0.3073802590370178], "gripper_q": 0.0}
{"image": "images/0027.png", "timestamp": "2025-12-24T10:50:49.728427", "matrix4x4": [[0.9264567658027822, -0.3097265697586348, 0.2138862152729775, 0.3276595555600892], [0.2919036194982021, 0.9499577088236939, 0.11123231711281832, -0.23310971741609549], [-0.23763446303534702, -0.040617772366137284, 0.9705050533335285, 0.27919125126724115], [0.0, 0.0, 0.0, 1.0]], "joint_state": [-0.9704080820083618, 1.7822468280792236, -1.1348921060562134, 0.051895588636398315, 1.1926465034484863, -0.7052417993545532], "gripper_q": 0.0}
{"image": "images/0028.png", "timestamp": "2025-12-24T10:50:56.864306", "matrix4x4": [[0.923774020294861, -0.31951747626431043, 0.21106904507756596, 0.39501940284664816], [0.3016453140770149, 0.9467076195829867, 0.11293709540666426, -0.11887136310627525], [-0.23590604893399564, -0.040660366269880496, 0.9709248532667965, 0.3570573628873256], [0.0, 0.0, 0.0, 1.0]], "joint_state": [-0.5673074126243591, 1.619727373123169, -1.204310655593872, -0.050208527594804764, 0.8492648601531982, -0.32141026854515076], "gripper_q": 0.0}
{"image": "images/0029.png", "timestamp": "2025-12-24T10:51:06.977549", "matrix4x4": [[0.9575906692173263, -0.17575311863185988, 0.2283220346770946, 0.3749562882353978], [0.16153294028589968, 0.9836441624656102, 0.07969486087521768, -0.006459730225708192], [-0.23859425691014644, -0.03943352556523119, 0.9703183898241812, 0.28045647876142965], [0.0, 0.0, 0.0, 1.0]], "joint_state": [-0.1309252679347992, 1.4993865489959717, -0.6865921020507812, -0.5612188577651978, 0.2891789972782135, -0.11378008127212524], "gripper_q": 0.0}
{"image": "images/0030.png", "timestamp": "2025-12-24T10:51:10.320314", "matrix4x4": [[0.9592636652404264, -0.16557176543323765, 0.228908739546624, 0.37748985090765413], [0.1508092923008718, 0.9852658152244896, 0.08067112684060088, 0.01156215778486882], [-0.23889281677190177, -0.04286331579967919, 0.970099457918333, 0.3759411025085944], [0.0, 0.0, 0.0, 1.0]], "joint_state": [-0.04663891717791557, 1.4051796197891235, -1.0602226257324219, -0.09889472275972366, 0.1966327726840973, -0.09318343549966812], "gripper_q": 0.0}
{"image": "images/0031.png", "timestamp": "2025-12-24T10:51:15.753845", "matrix4x4": [[0.9586252033719111, -0.1671244348298211, 0.23044987034705583, 0.3951716970315997], [0.1530073808049836, 0.9851454086971684, 0.07795681587961377, -0.12372536918437854], [-0.24005512050227262, -0.039470837408170284, 0.9699564898050517, 0.37483775561671545], [0.0, 0.0, 0.0, 1.0]], "joint_state": [-0.5265035033226013, 1.5726902484893799, -1.221137285232544, -0.042520921677351, 0.6611279845237732, -0.23424477875232697], "gripper_q": 0.0}
{"image": "images/0032.png", "timestamp": "2025-12-24T10:51:25.905330", "matrix4x4": [[0.9511714283347483, -0.21131910955690042, 0.22498255011381063, 0.3668794246665016], [0.1961613962271846, 0.9766164672364401, 0.08798285374331154, -0.159799492798956], [-0.23831412159130666, -0.039553885506915215, 0.9703823316566875, 0.2786737651313692], [0.0, 0.0, 0.0, 1.0]], "joint_state": [-0.698911190032959, 1.6658294200897217, -0.8902811408042908, -0.39858150482177734, 0.8666106462478638, -0.333782434463501], "gripper_q": 0.0}
